2300.2	461.832
2300.67	454.43
2301.14	466.674
2301.61	459.329
2302.08	457.153
2302.56	463.153
2303.03	466.821
2303.5	470.615
2303.97	453.486
2304.45	466.174
2304.92	472.82
2305.39	458.486
2305.86	467.153
2306.33	436.486
2306.81	471.043
2307.28	458.153
2307.75	439.486
2308.22	455.486
2308.7	450.153
2309.17	456.428
2309.64	467.328
2310.11	466.486
2310.58	465.153
2311.06	460.486
2311.53	455.486
2312	469.486
2312.47	469.486
2312.94	472.82
2313.41	484.82
2313.88	460.486
2314.36	488.486
2314.83	482.82
2315.3	520.486
2315.77	530.82
2316.24	551.486
2316.71	548.486
2317.19	571.82
2317.66	626.153
2318.13	649.422
2318.6	697.332
2319.07	740.941
2319.54	770.868
2320.01	784.476
2320.48	759.756
2320.96	708.889
2321.43	638.247
2321.9	611.407
2322.37	573.486
2322.84	547.153
2323.31	512.486
2323.78	482.153
2324.25	484.486
2324.72	452.82
2325.19	456.486
2325.67	453.486
2326.14	460.486
2326.61	457.486
2327.08	461.024
2327.55	451.82
2328.02	450.153
2328.49	458.82
2328.96	446.486
2329.43	455.054
2329.9	458.82
2330.37	456.153
2330.84	467.82
2331.31	454.486
2331.78	467.82
2332.25	462.153
2332.72	463.263
2333.19	458.676
2333.66	467.124
2334.13	471.068
2334.6	460.486
2335.07	452.486
2335.54	455.153
2336.01	452.153
2336.48	454.443
2336.95	463.072
2337.42	464.528
2337.89	472.045
2338.36	449.356
2338.83	450.486
2339.3	460.82
2339.77	465.82
2340.24	454.153
2340.71	428.82
2341.18	463.896
2341.65	453.486
2342.12	473.551
2342.59	464.82
2343.06	455.486
2343.53	444.153
2344	450.486
2344.47	462.82
2344.94	460.82
2345.41	474.127
2345.88	461.486
2346.35	470.304
2346.82	459.486
2347.29	468.289
2347.75	451.388
2348.22	452.153
2348.69	454.153
2349.16	453.82
2349.63	452.82
2350.1	458.153
2350.57	449.153
2351.04	462.526
2351.51	460.82
2351.98	457.82
2352.45	469.763
2352.91	476.818
2353.38	460.153
2353.85	466.727
2354.32	465.486
2354.79	458.486
2355.26	470.82
2355.73	466.82
2356.19	460.486
2356.66	473.497
2357.13	457.153
2357.6	471.82
2358.07	465.153
2358.54	475.669
2359.01	448.82
2359.47	466.486
2359.94	461.82
2360.41	468.486
2360.88	454.153
2361.35	475.486
2361.82	468.787
2362.28	469.153
2362.75	458.82
2363.22	459.82
2363.69	461.82
2364.16	470.515
2364.62	456.486
2365.09	471.486
2365.56	470.153
2366.03	468.82
2366.5	456.153
2366.96	469.486
2367.43	461.153
2367.9	470.82
2368.37	470.153
2368.84	471.82
2369.3	452.486
2369.77	470.153
2370.24	471.715
2370.71	475.261
2371.17	477.265
2371.64	463.82
2372.11	462.153
2372.58	465.867
2373.04	466.486
2373.51	397.486
2373.98	476.153
2374.45	461.799
2374.91	477.153
2375.38	476.153
2375.85	474.736
2376.31	474.981
2376.78	477.153
2377.25	467.82
2377.72	472.629
2378.18	454.486
2378.65	468.153
2379.12	475.486
2379.58	467.153
2380.05	478.975
2380.52	474.82
2380.98	472.486
2381.45	483.338
2381.92	471.486
2382.39	486.843
2382.85	477.82
2383.32	486.486
2383.79	481.82
2384.25	479.153
2384.72	485.132
2385.19	483.82
2385.65	483.153
2386.12	489.486
2386.59	486.739
2387.05	484.402
2387.52	476.295
2387.98	481.486
2388.45	460.153
2388.92	471.486
2389.38	480.266
2389.85	480.82
2390.32	475.486
2390.78	480.153
2391.25	471.153
2391.71	484.977
2392.18	479.219
2392.65	469.125
2393.11	477.82
2393.58	485.486
2394.05	475.486
2394.51	473.486
2394.98	482.877
2395.44	484.82
2395.91	481.486
2396.37	485.469
2396.84	471.153
2397.31	494.486
2397.77	499.771
2398.24	492.486
2398.7	489.153
2399.17	489.82
2399.63	488.153
2400.1	497.153
2400.57	499.934
2401.03	493.153
2401.5	499.486
2401.96	479.153
2402.43	497.153
2402.89	485.153
2403.36	503.103
2403.82	495.82
2404.29	495.82
2404.75	480.486
2405.22	490.486
2405.68	482.486
2406.15	503.153
2406.61	487.486
2407.08	500.741
2407.54	499.34
2408.01	483.82
2408.47	494.153
2408.94	503.474
2409.4	482.153
2409.87	502.576
2410.33	497.512
2410.8	487.486
2411.26	488.153
2411.73	498.153
2412.19	499.82
2412.66	494.82
2413.12	505.82
2413.59	495.82
2414.05	497.46
2414.52	496.486
2414.98	494.153
2415.44	498.153
2415.91	507.242
2416.37	487.82
2416.84	508.393
2417.3	487.82
2417.76	495.153
2418.23	505.82
2418.69	504.82
2419.16	495.486
2419.62	507.486
2420.09	493.486
2420.55	509.153
2421.01	493.486
2421.48	481.82
2421.94	501.486
2422.41	500.153
2422.87	505.82
2423.33	507.157
2423.8	491.153
2424.26	504.486
2424.73	501.82
2425.19	497.151
2425.65	496.301
2426.12	501.968
2426.58	491.82
2427.04	511.215
2427.51	491.153
2427.97	497.82
2428.44	505.176
2428.9	498.241
2429.36	493.486
2429.82	496.91
2430.29	501.153
2430.75	493.486
2431.22	502.309
2431.68	496.486
2432.14	509.054
2432.61	504.486
2433.07	502.895
2433.53	502.92
2433.99	505.486
2434.46	511.573
2434.92	494.73
2435.38	504.486
2435.85	503.758
2436.31	501.486
2436.77	495.486
2437.24	499.153
2437.7	505.127
2438.16	490.486
2438.62	486.153
2439.09	499.486
2439.55	497.82
2440.01	506.115
2440.48	513.828
2440.94	503.327
2441.4	501.772
2441.86	506.441
2442.33	500.486
2442.79	501.486
2443.25	514.305
2443.71	498.411
2444.18	511.153
2444.64	505.82
2445.1	500.82
2445.56	500.486
2446.03	505.82
2446.49	499.153
2446.95	500.82
2447.41	506.036
2447.87	493.486
2448.34	493.82
2448.8	495.486
2449.26	503.153
2449.72	495.82
2450.18	490.728
2450.65	489.486
2451.11	495.82
2451.57	509.146
2452.03	505.486
2452.49	492.82
2452.96	508.153
2453.42	480.486
2453.88	507.486
2454.34	492.486
2454.8	496.486
2455.26	495.486
2455.73	500.486
2456.19	497.82
2456.65	502.884
2457.11	487.486
2457.57	495.486
2458.03	489.486
2458.5	500.919
2458.96	505.82
2459.42	498.349
2459.88	501.855
2460.34	495.153
2460.8	496.486
2461.26	501.153
2461.72	492.82
2462.18	508.82
2462.65	513.71
2463.11	507.573
2463.57	500.486
2464.03	510.938
2464.49	506.486
2464.95	496.82
2465.41	505.153
2465.87	486.153
2466.34	488.486
2466.8	496.153
2467.26	498.486
2467.72	499.82
2468.18	500.153
2468.64	483.361
2469.1	493.218
2469.56	488.486
2470.02	506.535
2470.48	491.82
2470.94	498.436
2471.4	492.486
2471.86	500.836
2472.32	505.727
2472.78	501.256
2473.24	492.82
2473.7	491.82
2474.16	488.153
2474.62	488.82
2475.08	496.82
2475.54	498.153
2476	506.77
2476.47	491.153
2476.93	486.82
2477.39	496.82
2477.85	498.836
2478.31	483.82
2478.77	485.82
2479.23	493.82
2479.68	482.486
2480.14	486.486
2480.61	498.734
2481.07	486.896
2481.53	499.486
2481.98	493.153
2482.44	493.153
2482.9	477.153
2483.36	489.358
2483.82	491.486
2484.28	474.82
2484.74	502.136
2485.2	493.025
2485.66	506.43
2486.12	492.82
2486.58	482.82
2487.04	477.153
2487.5	481.82
2487.96	479.82
2488.42	499.916
2488.88	477.153
2489.34	501.82
2489.8	488.486
2490.26	488.82
2490.71	484.82
2491.17	488.82
2491.63	497.486
2492.09	491.398
2492.55	496.153
2493.01	489.486
2493.47	489.049
2493.93	490.82
2494.39	497.153
2494.84	480.153
2495.3	485.82
2495.76	488.153
2496.22	490.82
2496.68	496.156
2497.14	486.82
2497.6	480.486
2498.06	493.486
2498.51	498.222
2498.97	484.054
2499.43	485.486
2499.89	487.82
2500.35	487.486
2500.81	477.925
2501.26	488.486
2501.72	492.153
2502.18	491.33
2502.64	480.153
2503.1	480.486
2503.56	490.216
2504.02	489.82
2504.47	477.82
2504.93	500.329
2505.39	491.785
2505.85	483.486
2506.31	476.82
2506.76	494.486
2507.22	483.82
2507.68	483.163
2508.14	495.033
2508.59	492.955
2509.05	485.82
2509.51	467.82
2509.97	499.202
2510.43	487.82
2510.88	480.486
2511.34	479.486
2511.8	484.486
2512.26	482.82
2512.71	495.453
2513.17	493.67
2513.63	479.153
2514.09	484.486
2514.55	486.153
2515	481.82
2515.46	484.82
2515.92	486.153
2516.37	496.281
2516.83	490.153
2517.29	484.932
2517.75	481.486
2518.2	482.299
2518.66	492.575
2519.12	483.153
2519.57	476.153
2520.03	496.679
2520.49	490.575
2520.95	482.153
2521.4	493.883
2521.86	482.486
2522.32	483.153
2522.77	473.486
2523.23	481.82
2523.69	473.82
2524.14	464.486
2524.6	482.593
2525.06	477.648
2525.51	468.487
2525.97	469.153
2526.43	480.79
2526.88	489.751
2527.34	476.153
2527.8	485.398
2528.25	471.153
2528.71	461.486
2529.17	485.646
2529.62	476.486
2530.08	478.82
2530.54	474.319
2530.99	490.631
2531.45	480.153
2531.9	488.82
2532.36	472.486
2532.82	485.82
2533.27	483.25
2533.73	484.251
2534.19	475.153
2534.64	482.486
2535.1	481.82
2535.55	483.969
2536.01	483.486
2536.47	473.486
2536.92	466.486
2537.38	470.82
2537.83	489.82
2538.29	466.153
2538.74	475.486
2539.2	478.009
2539.65	479.701
2540.11	475.392
2540.57	480.495
2541.02	480.153
2541.48	481.153
2541.93	483.355
2542.39	474.153
2542.84	473.153
2543.3	473.82
2543.75	486.335
2544.21	459.82
2544.67	469.486
2545.12	485.82
2545.58	480.82
2546.03	474.153
2546.49	487.018
2546.94	488.672
2547.4	467.486
2547.85	468.82
2548.31	482.486
2548.76	488.555
2549.22	480.82
2549.67	477.82
2550.13	480.486
2550.58	468.486
2551.04	465.486
2551.49	474.153
2551.95	477.82
2552.4	479.265
2552.86	477.835
2553.31	471.153
2553.77	487.486
2554.22	483.153
2554.67	489.486
2555.13	470.153
2555.58	469.82
2556.04	483.82
2556.49	485.82
2556.95	488.486
2557.4	477.82
2557.86	486.192
2558.31	476.82
2558.76	487.82
2559.22	475.153
2559.67	481.469
2560.13	469.82
2560.58	480.486
2561.03	482.73
2561.49	483.153
2561.94	472.82
2562.4	475.486
2562.85	470.82
2563.31	456.486
2563.76	483.922
2564.21	483.535
2564.67	485.153
2565.12	476.486
2565.57	483.653
2566.03	478.153
2566.48	482.153
2566.94	485.284
2567.39	478.486
2567.84	486.153
2568.3	477.486
2568.75	471.486
2569.2	473.82
2569.66	470.153
2570.11	479.82
2570.56	484.82
2571.02	469.153
2571.47	471.153
2571.93	482.474
2572.38	484.917
2572.83	473.923
2573.28	478.486
2573.74	492.758
2574.19	477.82
2574.65	475.82
2575.1	481.82
2575.55	484.435
2576.01	478.486
2576.46	474.631
2576.91	467.82
2577.36	474.486
2577.82	483.795
2578.27	483.153
2578.72	472.79
2579.18	473.486
2579.63	471.153
2580.08	483.894
2580.53	479.686
2580.99	478.82
2581.44	469.82
2581.89	482.408
2582.35	470.486
2582.8	483.051
2583.25	478.153
2583.7	471.153
2584.16	480.82
2584.61	468.486
2585.06	482.143
2585.51	463.82
2585.96	481.82
2586.42	478.486
2586.87	480.153
2587.32	492.199
2587.77	484.486
2588.23	484.121
2588.68	487.235
2589.13	484.211
2589.58	482.751
2590.04	488.423
2590.49	469.153
2590.94	485.82
2591.39	493.153
2591.84	470.153
2592.29	479.99
2592.75	477.486
2593.2	505.437
2593.65	475.486
2594.1	463.153
2594.55	476.82
2595.01	473.153
2595.46	480.468
2595.91	476.82
2596.36	489.392
2596.81	466.82
2597.26	486.486
2597.72	486.153
2598.17	476.547
2598.62	481.719
2599.07	479.486
2599.52	483.486
2599.97	480.486
2600.42	478.82
2600.88	478.486
2601.33	489.252
2601.78	477.82
2602.23	488.893
2602.68	483.793
2603.13	472.153
2603.58	480.486
2604.03	479.42
2604.49	476.82
2604.94	476.262
2605.39	484.68
2605.84	478.153
2606.29	489.154
2606.74	476.153
2607.19	471.486
2607.64	480.82
2608.09	479.794
2608.54	485.04
2608.99	487.153
2609.44	480.82
2609.9	477.486
2610.35	474.486
2610.8	491.611
2611.25	486.153
2611.7	478.57
2612.15	472.573
2612.6	483.153
2613.05	482.486
2613.5	480.153
2613.95	495.486
2614.4	487.153
2614.85	494.153
2615.3	475.486
2615.75	491.126
2616.2	483.486
2616.65	488.996
2617.1	498.848
2617.55	474.486
2618	498.971
2618.45	492.486
2618.9	501.486
2619.35	497.153
2619.8	493.486
2620.25	497.153
2620.7	493.45
2621.15	474.153
2621.6	484.486
2622.05	497.153
2622.5	506.842
2622.95	488.971
2623.4	484.486
2623.85	494.153
2624.3	497.486
2624.75	495.486
2625.2	505.006
2625.65	493.809
2626.1	504.886
2626.55	506.486
2627	491.486
2627.45	488.486
2627.9	489.275
2628.35	508.701
2628.8	497.153
2629.25	490.153
2629.69	502.053
2630.14	483.486
2630.59	508.153
2631.04	497.153
2631.49	494.823
2631.94	505.152
2632.39	500.823
2632.84	501.333
2633.29	496.015
2633.74	492.246
2634.19	500.476
2634.64	499.725
2635.08	498.901
2635.53	495.351
2635.98	503.289
2636.43	510.362
2636.88	502.112
2637.33	506.107
2637.78	499.423
2638.22	502.9
2638.67	505.689
2639.12	489.941
2639.57	501.081
2640.02	509.442
2640.47	504.19
2640.92	507.057
2641.36	508.968
2641.81	512.174
2642.26	501.518
2642.71	501.785
2643.16	476.682
2643.61	494.318
2644.05	493.049
2644.5	499.723
2644.95	500.556
2645.4	507.466
2645.85	500.258
2646.3	502.884
2646.74	510.953
2647.19	511.218
2647.64	507.094
2648.09	509.554
2648.54	507.553
2648.98	506.267
2649.43	504.617
2649.88	514.115
2650.33	501.152
2650.78	500.127
2651.22	514.409
2651.67	517.598
2652.12	505.66
2652.57	515.69
2653.01	509.272
2653.46	510.435
2653.91	515.351
2654.36	509.13
2654.8	515.096
2655.25	516.595
2655.7	509.185
2656.15	511.516
2656.59	507.351
2657.04	517.092
2657.49	511.561
2657.94	511.227
2658.38	507.288
2658.83	509.742
2659.28	518.334
2659.72	519.254
2660.17	510.193
2660.62	505.024
2661.07	503.659
2661.51	513.729
2661.96	519.369
2662.41	512.994
2662.85	514.915
2663.3	520.861
2663.75	522.008
2664.19	514.536
2664.64	514.923
2665.09	512.788
2665.53	524.048
2665.98	520.032
2666.43	522.31
2666.87	521.243
2667.32	514.575
2667.77	517.881
2668.21	519.941
2668.66	511.486
2669.11	520.016
2669.55	519.567
2670	516.084
2670.45	519.108
2670.89	506.07
2671.34	517.697
2671.78	504.95
2672.23	514.704
2672.68	513.802
2673.12	514.359
2673.57	518.265
2674.02	516.824
2674.46	521.364
2674.91	516.687
2675.35	517.506
2675.8	516.842
2676.25	524.898
2676.69	516.083
2677.14	516.173
2677.59	519.699
2678.03	524.259
2678.48	514.031
2678.92	514.234
2679.37	531.83
2679.81	515.886
2680.26	523.584
2680.7	520.769
2681.15	513.968
2681.6	524.84
2682.04	533.576
2682.49	528.505
2682.93	531.946
2683.38	527.698
2683.82	530.093
2684.27	523.651
2684.71	514.778
2685.16	524.848
2685.6	526.965
2686.05	528.554
2686.49	529.421
2686.94	520.466
2687.39	526.268
2687.83	530.133
2688.28	517.849
2688.72	513.195
2689.17	532.408
2689.61	530.687
2690.06	526.809
2690.5	528.931
2690.95	522.025
2691.39	522.696
2691.84	521.858
2692.28	522.305
2692.73	530.31
2693.17	528.161
2693.62	531.859
2694.06	521.85
2694.51	530.149
2694.95	518.622
2695.39	523.673
2695.84	534.306
2696.28	529.414
2696.73	529.554
2697.17	526.576
2697.62	528.726
2698.06	533.596
2698.51	524.648
2698.95	533.684
2699.39	541.971
2699.84	531.765
2700.28	525.824
2700.73	529.433
2701.17	534.564
2701.61	531.53
2702.06	523.465
2702.5	526.201
2702.95	530.321
2703.39	486.042
2703.84	526.114
2704.28	532.663
2704.72	543.133
2705.17	541.765
2705.61	534.093
2706.06	528.479
2706.5	541.371
2706.94	530.88
2707.39	533.997
2707.83	537.548
2708.27	533.238
2708.72	542.61
2709.16	544.022
2709.6	534.135
2710.05	517.928
2710.49	540.383
2710.94	539.972
2711.38	537.86
2711.82	533.631
2712.27	537.008
2712.71	531.706
2713.15	532.827
2713.6	537.086
2714.04	534.551
2714.48	533.679
2714.93	528.333
2715.37	532.964
2715.81	538.769
2716.26	531.232
2716.7	542.744
2717.14	537.671
2717.58	529.584
2718.03	543.039
2718.47	533.463
2718.91	533.979
2719.36	535.939
2719.8	539.753
2720.24	543.142
2720.68	525.98
2721.13	543.573
2721.57	544.609
2722.01	535.389
2722.46	531.734
2722.9	531.863
2723.34	547.128
2723.78	540.611
2724.23	531.273
2724.67	552.279
2725.11	552.471
2725.55	538.858
2726	542.253
2726.44	534.638
2726.88	543.2
2727.32	550.366
2727.76	542.976
2728.21	554.57
2728.65	548.884
2729.09	548.07
2729.53	553.47
2729.98	550.426
2730.42	557.152
2730.86	557.583
2731.3	551.422
2731.75	542.366
2732.19	553.188
2732.63	560.086
2733.07	534.266
2733.51	546.727
2733.95	562.328
2734.4	549.116
2734.84	551.641
2735.28	548.869
2735.72	555.397
2736.16	558.886
2736.61	550.561
2737.05	557.39
2737.49	547.799
2737.93	550.772
2738.37	547.306
2738.81	552.331
2739.25	550.769
2739.7	570.947
2740.14	552.924
2740.58	551.938
2741.02	551.864
2741.46	555.393
2741.9	555.488
2742.34	558.671
2742.78	553.321
2743.23	562.795
2743.67	552.123
2744.11	567.872
2744.55	552.34
2744.99	562.084
2745.43	552.897
2745.87	548.357
2746.31	555.661
2746.76	571.304
2747.2	562.135
2747.64	554.918
2748.08	553.375
2748.52	568.52
2748.96	556.459
2749.4	551.698
2749.84	552.64
2750.28	539.75
2750.72	567.625
2751.16	558.964
2751.6	562.167
2752.04	545.451
2752.49	551.153
2752.93	558.599
2753.36	558.454
2753.81	560.011
2754.25	574.832
2754.69	552.992
2755.13	558.616
2755.57	559.733
2756.01	566.762
2756.45	561.472
2756.89	559.11
2757.33	566.236
2757.77	554.146
2758.21	549.241
2758.65	570.326
2759.09	562.005
2759.53	558.038
2759.97	561.268
2760.41	569.507
2760.85	571.466
2761.29	566.381
2761.73	582.058
2762.17	569.596
2762.61	578.971
2763.05	573.528
2763.49	558.316
2763.93	582.839
2764.37	570.18
2764.78	569.514
2765.22	562.514
2765.66	564.18
2766.11	567.847
2766.55	568.18
2766.99	565.271
2767.44	570.514
2767.88	560.18
2768.32	569.847
2768.76	560.18
2769.2	577.889
2769.64	580.18
2770.09	576.847
2770.53	558.847
2770.97	566.617
2771.41	582.988
2771.85	557.514
2772.3	559.514
2772.74	575.307
2773.18	571.336
2773.62	585.514
2774.06	575.178
2774.51	565.18
2774.95	567.514
2775.39	584.847
2775.83	553.514
2776.27	576.18
2776.71	578.18
2777.16	572.847
2777.6	583.871
2778.04	585.847
2778.48	574.18
2778.92	585.514
2779.36	569.18
2779.8	578.847
2780.24	576.847
2780.69	573.553
2781.13	575.514
2781.57	580.514
2782.01	577.514
2782.45	578.18
2782.89	587.514
2783.33	581.514
2783.78	565.514
2784.22	593.18
2784.66	584.514
2785.1	577.18
2785.54	583.847
2785.98	591.078
2786.42	576.514
2786.86	567.18
2787.3	564.514
2787.74	577.847
2788.18	591.18
2788.62	584.875
2789.07	573.18
2789.51	585.18
2789.95	577.18
2790.39	595.514
2790.83	586.847
2791.27	607.18
2791.71	595.938
2792.15	593.514
2792.59	585.514
2793.03	594.137
2793.47	587.847
2793.91	585.514
2794.35	590.514
2794.79	577.847
2795.23	579.514
2795.67	589.591
2796.11	592.356
2796.55	578.847
2796.99	588.514
2797.43	580.847
2797.87	586.391
2798.31	582.514
2798.75	581.847
2799.19	589.18
2799.63	574.847
2800.07	595.522
2800.51	595.18
2800.95	565.847
2801.39	582.276
2801.83	586.847
2802.27	586.847
2802.71	587.128
2803.15	581.847
2803.59	586.514
2804.03	579.18
2804.47	589.18
2804.91	590.726
2805.35	568.847
2805.79	568.514
2806.23	573.514
2806.67	598.514
2807.11	583.18
2807.55	582.514
2807.99	588.847
2808.42	589.862
2808.86	589.847
2809.3	590.18
2809.74	591.111
2810.18	582.514
2810.62	586.18
2811.06	576.514
2811.5	581.18
2811.94	591.514
2812.38	585.847
2812.82	576.847
2813.26	600.017
2813.7	587.514
2814.13	584.847
2814.57	588.847
2815.01	599.514
2815.45	574.514
2815.89	590.847
2816.33	592.847
2816.77	584.514
2817.21	595.676
2817.64	583.18
2818.08	586.083
2818.52	591.214
2818.96	578.356
2819.4	595.847
2819.84	594.344
2820.28	590.706
2820.71	589.28
2821.15	591.847
2821.59	582.514
2822.03	603.514
2822.47	567.18
2822.91	587.847
2823.34	572.847
2823.78	587.514
2824.22	577.847
2824.66	597.18
2825.1	596.847
2825.54	584.99
2825.97	603.704
2826.41	576.18
2826.85	591.847
2827.29	601.577
2827.73	585.847
2828.16	602.847
2828.6	610.786
2829.04	589.516
2829.48	602.411
2829.91	585.514
2830.35	583.18
2830.79	579.18
2831.23	595.514
2831.67	599.847
2832.1	584.18
2832.54	589.18
2832.98	595.847
2833.42	599.802
2833.86	606.408
2834.29	595.514
2834.73	592.847
2835.17	586.803
2835.6	603.74
2836.04	588.18
2836.48	594.514
2836.92	582.847
2837.35	687.62
2837.79	705.122
2838.23	719.412
2838.67	731.149
2839.1	750.766
2839.54	739.152
2839.98	756.521
2840.41	713.18
2840.85	746.751
2841.29	749.271
2841.73	755.94
2842.16	748.782
2842.6	674.18
2843.04	673.18
2843.47	698.536
2843.91	692.17
2844.35	686.734
2844.78	662.38
2845.22	606.514
2845.66	603.864
2846.09	577.18
2846.53	579.18
2846.97	588.228
2847.4	606.18
2847.84	594.514
2848.28	639.6
2848.71	656.18
2849.15	670.18
2849.59	654.719
2850.02	655.119
2850.46	664.287
2850.9	661.875
2851.33	594.378
2851.77	603.847
2852.2	584.514
2852.64	575.847
2853.08	589.18
2853.51	611.18
2853.95	593.514
2854.39	601.505
2854.82	569.514
2855.26	592.18
2855.69	594.806
2856.13	602.18
2856.57	593.345
2857	581.18
2857.44	583.18
2857.87	593.514
2858.31	589.514
2858.75	588.18
2859.18	582.514
2859.62	595.18
2860.05	594.514
2860.49	591.514
2860.92	581.514
2861.36	601.118
2861.8	599.224
2862.23	581.285
2862.67	583.847
2863.1	578.847
2863.54	589.847
2863.97	592.514
2864.41	586.18
2864.84	595.514
2865.28	577.18
2865.71	603.847
2866.15	597.95
2866.59	583.847
2867.02	582.127
2867.46	594.813
2867.89	596.18
2868.33	586.18
2868.76	601.18
2869.2	598.847
2869.63	584.514
2870.07	588.18
2870.5	579.18
2870.94	589.18
2871.37	583.18
2871.81	590.18
2872.24	600.514
2872.68	596.514
2873.11	603.18
2873.54	613.534
2873.98	598.274
2874.42	605.514
2874.85	594.18
2875.28	599.514
2875.72	586.847
2876.15	593.18
2876.59	599.847
2877.02	587.18
2877.46	583.847
2877.89	586.438
2878.33	603.989
2878.76	606.198
2879.19	606.409
2879.63	596.18
2880.06	593.514
2880.5	587.847
2880.93	604.847
2881.37	606.18
2881.8	596.514
2882.24	602.847
2882.67	605.514
2883.1	605.18
2883.54	613.847
2883.97	600.18
2884.41	599.197
2884.84	601.514
2885.27	591.18
2885.71	603.514
2886.14	601.047
2886.58	610.18
2887.01	600.514
2887.44	579.514
2887.88	576.18
2888.31	590.514
2888.74	581.847
2889.18	593.18
2889.61	573.514
2890.04	592.833
2890.48	598.743
2890.91	600.049
2891.35	601.514
2891.78	577.847
2892.21	592.485
2892.65	593.847
2893.08	606.18
2893.51	601.514
2893.95	597.514
2894.38	590.18
2894.81	588.514
2895.25	595.18
2895.68	598.847
2896.11	599.847
2896.54	594.514
2896.98	597.292
2897.41	589.514
2897.85	591.18
2898.28	602.842
2898.71	601.18
2899.14	589.956
2899.58	594.18
2900.01	601.847
2900.44	586.514
2900.88	596.18
2901.31	598.847
2901.74	597.847
2902.17	602.078
2902.61	592.847
2903.04	597.393
2903.47	605.824
2903.91	601.402
2904.34	590.847
2904.77	583.18
2905.2	590.847
2905.64	615.18
2906.07	609.18
2906.5	590.18
2906.93	602.18
2907.37	598.18
2907.8	586.378
2908.23	579.847
2908.66	593.356
2909.09	587.059
2909.53	595.847
2909.96	596.18
2910.39	590.514
2910.82	606.18
2911.26	591.002
2911.69	594.462
2912.12	599.514
2912.55	584.18
2912.98	589.087
2913.42	599.847
2913.85	592.847
2914.28	585.18
2914.71	594.524
2915.14	594.847
2915.57	605.514
2916.01	621.535
2916.44	613.573
2916.87	611.363
2917.3	595.514
2917.74	602.18
2918.17	577.18
2918.6	589.18
2919.03	597.497
2919.46	605.458
2919.89	601.847
2920.32	592.847
2920.76	581.847
2921.19	599.926
2921.62	587.514
2922.05	587.323
2922.48	590.847
2922.91	589.18
2923.34	601.514
2923.78	596.514
2924.21	574.514
2924.64	593.514
2925.07	587.514
2925.5	593.18
2925.93	604.847
2926.36	586.514
2926.79	578.18
2927.22	574.847
2927.66	596.18
2928.09	578.847
2928.52	592.847
2928.95	591.988
2929.38	591.423
2929.81	580.514
2930.24	599.701
2930.67	585.18
2931.1	586.18
2931.53	596.18
2931.96	604.18
2932.39	571.18
2932.82	593.847
2933.25	578.514
2933.69	591.18
2934.12	587.514
2934.55	579.847
2934.98	585.412
2935.41	579.514
2935.84	574.847
2936.27	584.847
2936.7	585.18
2937.13	581.514
2937.56	574.847
2937.99	581.122
2938.42	586.847
2938.85	583.58
2939.28	583.18
2939.71	581.18
2940.14	576.514
2940.57	584.847
2941	576.847
2941.43	571.847
2941.86	569.847
2942.29	567.847
2942.72	589.514
2943.15	563.514
2943.58	583.784
2944.01	563.18
2944.44	584.18
2944.87	565.514
2945.3	555.514
2945.73	573.18
2946.16	579.847
2946.59	575.514
2947.02	575.847
2947.45	577.847
2947.88	589.514
2948.31	575.537
2948.74	556.675
2949.17	569.652
2949.6	581.3
2950.02	579.364
2950.45	574.268
2950.88	581.08
2951.31	578.614
2951.74	576.228
2952.17	578.794
2952.6	578.293
2953.03	581.487
2953.46	579.34
2953.89	563.193
2954.32	575.391
2954.75	573.126
2955.18	580.288
2955.61	576.31
2956.03	575.676
2956.46	577.51
2956.89	570.261
2957.32	574.395
2957.75	575.305
2958.18	567.168
2958.61	568.024
2959.04	566.288
2959.47	561.68
2959.89	569.818
2960.32	568.251
2960.75	572.184
2961.18	576.581
2961.61	556.509
2962.04	569.753
2962.47	570.108
2962.89	561.355
2963.32	565.141
2963.75	549.647
2964.18	556.053
2964.61	565.987
2965.04	576.122
2965.46	562.253
2965.89	544.457
2966.32	573.913
2966.75	575.465
2967.18	570.207
2967.61	576.559
2968.03	565.744
2968.46	574.724
2968.89	568.805
2969.32	558.987
2969.75	562.568
2970.17	576.081
2970.6	554.049
2971.03	578.035
2971.46	565.064
2971.89	560.351
2972.31	554.859
2972.74	560.864
2973.17	562.556
2973.6	558.977
2974.03	555.779
2974.45	552.518
2974.88	560.566
2975.31	552.881
2975.74	560.531
2976.16	547.59
2976.59	561.318
2977.02	559.534
2977.45	540.776
2977.87	556.111
2978.3	552.978
2978.73	563.611
2979.16	557.734
2979.58	571.193
2980.01	549.385
2980.44	550.344
2980.86	550.935
2981.29	563.358
2981.72	555.384
2982.15	566.241
2982.57	557.843
2983	557.406
2983.43	546.093
2983.86	557.46
2984.28	553.273
2984.71	550.23
2985.14	542.651
2985.56	554.975
2985.99	552.591
2986.42	552.079
2986.84	558.049
2987.27	536.976
2987.7	549.621
2988.12	543.375
2988.55	562.257
2988.98	549.616
2989.4	551.353
2989.83	544.643
2990.26	554.99
2990.68	558.496
2991.11	547.34
2991.54	549.822
2991.96	559.873
2992.39	550.34
2992.82	548.044
2993.24	553.289
2993.67	558.043
2994.1	540.458
2994.52	547.801
2994.95	549.909
2995.37	547.485
2995.8	539.612
2996.23	551.503
2996.65	549.859
2997.08	550.969
2997.51	549.475
2997.93	544.123
2998.36	556.633
2998.78	535.805
2999.21	558.509
2999.64	554.191
3000.06	542.39
3000.49	547.591
3000.91	537.678
3001.34	550.059
3001.76	545.613
3002.19	543.582
3002.62	551.216
3003.04	543.244
3003.47	554.02
3003.89	548.642
3004.32	542.582
3004.74	541.301
3005.17	537.881
3005.6	545.105
3006.02	545.462
3006.45	541.115
3006.87	536.154
3007.3	547.428
3007.72	546.893
3008.15	549.097
3008.57	546.321
3009	544.551
3009.42	543.62
3009.85	537.408
3010.27	542.133
3010.7	546.565
3011.12	547.214
3011.55	539.614
3011.97	549.217
3012.4	539.666
3012.82	548.481
3013.25	542.823
3013.67	550.793
3014.1	542.863
3014.52	546.516
3014.95	546.868
3015.37	543.22
3015.8	537.633
3016.22	542.422
3016.65	536.398
3017.07	504.869
3017.5	545.551
3017.92	535.578
3018.35	541.95
3018.77	547.418
3019.2	545.31
3019.62	536.846
3020.04	552.498
3020.47	545.729
3020.89	541.655
3021.32	538.779
3021.74	541.129
3022.17	542.954
3022.59	539.3
3023.02	545.632
3023.44	522.767
3023.86	542.013
3024.29	534.289
3024.71	534.549
3025.14	544.318
3025.56	543.643
3025.98	536.522
3026.41	548.222
3026.83	550.168
3027.26	545.199
3027.68	531.383
3028.11	545.632
3028.53	541.267
3028.95	545.435
3029.38	548.378
3029.8	541.515
3030.22	530.224
3030.65	523.035
3031.07	534.003
3031.5	534.698
3031.92	534.23
3032.34	528.542
3032.77	528.454
3033.19	526.248
3033.61	527.887
3034.04	535.155
3034.46	522.637
3034.88	537.651
3035.31	532.614
3035.73	537.706
3036.15	534.489
3036.58	524.856
3037	529.65
3037.42	531.35
3037.85	539.678
3038.27	537.808
3038.69	533.435
3039.12	539.923
3039.54	537.229
3039.96	532.061
3040.39	536.862
3040.81	539.732
3041.23	531.397
3041.66	534.2
3042.08	534.892
3042.5	531.016
3042.92	530.207
3043.35	545.639
3043.77	532.783
3044.19	531.139
3044.61	535.83
3045.04	524.418
3045.46	533.011
3045.88	515.967
3046.31	536.732
3046.73	536.445
3047.15	528.496
3047.57	543.322
3048	536.082
3048.42	525.655
3048.84	539.911
3049.26	535.443
3049.69	531.474
3050.11	538.979
3050.53	526.911
3050.95	525.155
3051.38	539.24
3051.8	520.941
3052.22	535.542
3052.64	529.6
3053.06	521.434
3053.49	532.508
3053.91	535.764
3054.33	532.394
3054.75	539.266
3055.18	533.657
3055.6	533.057
3056.02	529.316
3056.44	527.964
3056.86	533.503
3057.28	510.955
3057.71	538.295
3058.13	522.56
3058.55	520.691
3058.97	541.239
3059.39	514.302
3059.82	529.521
3060.24	525.096
3060.66	533.264
3061.08	535.156
3061.5	533.481
3061.92	524.704
3062.34	533.802
3062.77	534.202
3063.19	520.676
3063.61	526.83
3064.03	525.442
3064.45	527.612
3064.87	529.466
3065.29	515.962
3065.72	525.18
3066.14	524.052
3066.56	519.42
3066.98	513.878
3067.4	511.324
3067.82	531.924
3068.24	523.362
3068.66	515.436
3069.08	524.807
3069.51	521.5
3069.93	526.293
3070.35	528.454
3070.77	526.4
3071.19	522.256
3071.61	521.467
3072.03	518.489
3072.45	522.56
3072.87	506.885
3073.29	517.449
3073.71	527.271
3074.13	522.523
3074.56	512.052
3074.98	526.129
3075.4	522.147
3075.82	508.807
3076.24	513.466
3076.66	523.807
3076.87	524.97
3077.29	521.169
3077.72	521.522
3078.14	515.169
3078.56	520.942
3078.99	515.169
3079.41	519.923
3079.83	520.316
3080.25	517.836
3080.68	519.503
3081.1	519.664
3081.52	522.169
3081.95	518.746
3082.37	507.169
3082.79	498.503
3083.21	493.169
3083.64	498.836
3084.06	507.836
3084.48	502.812
3084.9	509.836
3085.33	511.169
3085.75	502.503
3086.17	509.696
3086.59	508.033
3087.02	508.504
3087.44	512.169
3087.86	509.982
3088.28	520.629
3088.71	504.169
3089.13	521.304
3089.55	506.836
3089.97	509.373
3090.4	508.503
3090.82	512.503
3091.24	512.119
3091.66	505.984
3092.09	504.169
3092.51	512.476
3092.93	510.169
3093.35	504.816
3093.77	501.169
3094.19	502.178
3094.62	497.503
3095.04	510.661
3095.46	497.169
3095.88	507.682
3096.3	511.205
3096.73	502.909
3097.15	512.391
3097.57	492.169
3097.99	498.169
3098.41	495.503
3098.83	505.848
3099.26	508.503
3099.68	500.503
3100.1	510.169
3100.52	507.503
3100.94	498.974
3101.36	507.268
3101.79	520.768
3102.21	492.503
3102.63	508.479
3103.05	500.836
3103.47	511.956
3103.89	511.888
3104.31	506.169
3104.73	512.662
3105.16	504.836
3105.58	499.503
3106	498.169
3106.42	501.836
3106.84	512.998
3107.26	494.836
3107.68	495.35
3108.1	499.503
3108.52	504.036
3108.95	500.503
3109.37	493.695
3109.79	500.169
3110.21	501.471
3110.63	488.169
3111.05	490.836
3111.47	491.169
3111.89	504.073
3112.31	495.424
3112.73	492.169
3113.15	502.74
3113.57	498.811
3114	484.503
3114.41	498.567
3114.84	493.169
3115.26	500.169
3115.68	489.836
3116.1	496.222
3116.52	497.635
3116.94	498.923
3117.36	499.008
3117.78	493.461
3118.2	491.503
3118.62	493.503
3119.04	488.169
3119.46	493.836
3119.88	489.169
3120.3	500.904
3120.72	504.642
3121.14	498.503
3121.56	496.269
3121.98	488.169
3122.4	499.503
3122.82	484.503
3123.24	501.654
3123.66	500.106
3124.08	503.284
3124.5	500.021
3124.92	491.169
3125.34	490.836
3125.76	501.836
3126.18	475.836
3126.6	495.169
3127.02	504.639
3127.44	490.503
3127.86	485.431
3128.28	502.911
3128.7	496.827
3129.12	495.503
3129.54	501.503
3129.96	495.324
3130.38	480.836
3130.8	500.343
3131.21	494.778
3131.63	490.83
3132.05	491.836
3132.47	486.836
3132.89	490.677
3133.31	494.836
3133.73	488.905
3134.15	482.836
3134.57	496.836
3134.99	494.591
3135.41	493.503
3135.83	495.169
3136.25	492.836
3136.66	498.56
3137.08	496.703
3137.5	497.829
3137.92	487.169
3138.34	486.503
3138.76	501.54
3139.18	493.615
3139.6	490.561
3140.02	489.061
3140.43	492.169
3140.85	496.654
3141.27	485.08
3141.69	495.983
3142.11	490.503
3142.53	492.169
3142.95	485.836
3143.37	487.836
3143.78	488.503
3144.2	494.114
3144.62	495.836
3145.04	499.511
3145.46	487.836
3145.88	499.04
3146.29	490.836
3146.71	475.169
3147.13	492.169
3147.55	495.503
3147.97	491.169
3148.39	489.169
3148.8	486.287
3149.22	478.169
3149.64	486.169
3150.06	480.836
3150.48	484.836
3150.9	472.503
3151.31	490.836
3151.73	501.54
3152.15	495.722
3152.57	488.14
3152.98	481.503
3153.4	492.169
3153.82	483.836
3154.24	492.503
3154.66	494.442
3155.07	489.836
3155.49	498.956
3155.91	495.341
3156.33	479.592
3156.74	496.718
3157.16	485.836
3157.58	490.836
3158	489.169
3158.41	491.169
3158.83	497.33
3159.25	485.695
3159.67	488.836
3160.08	492.836
3160.5	486.836
3160.92	484.836
3161.34	486.69
3161.75	485.661
3162.17	497.681
3162.59	489.673
3163.01	488.483
3163.42	500.982
3163.84	484.169
3164.26	477.503
3164.67	482.836
3165.09	487.436
3165.51	481.781
3165.93	491.201
3166.34	484.407
3166.76	481.45
3167.18	483.169
3167.59	483.836
3168.01	485.836
3168.43	490.516
3168.84	491.705
3169.26	483.169
3169.68	486.844
3170.09	487.503
3170.51	480.836
3170.93	482.503
3171.34	490.324
3171.76	497.24
3172.18	480.503
3172.59	471.503
3173.01	495.037
3173.43	484.169
3173.84	487.41
3174.26	474.697
3174.68	489.403
3175.09	478.597
3175.51	485.939
3175.93	476.503
3176.34	473.836
3176.76	486.498
3177.17	482.828
3177.59	477.503
3178.01	478.169
3178.42	471.169
3178.84	485.483
3179.26	460.836
3179.67	482.485
3180.09	473.203
3180.5	481.035
3180.92	481.247
3181.33	472.836
3181.75	479.963
3182.17	472.015
3182.58	473.836
3183	481.375
3183.41	471.503
3183.83	479.169
3184.25	469.081
3184.66	481.671
3185.08	480.836
3185.49	477.169
3185.91	473.531
3186.32	477.169
3186.74	458.503
3187.15	480.836
3187.57	473.503
3187.99	477.169
3188.4	476.85
3188.82	486.836
3189.23	469.503
3189.65	478.862
3190.06	484.169
3190.48	471.348
3190.89	480.919
3191.31	477.11
3191.72	483.232
3192.14	476.169
3192.55	467.169
3192.97	477.384
3193.38	481.836
3193.8	470.81
3194.22	483.836
3194.63	475.169
3195.04	473.836
3195.46	473.169
3195.88	465.836
3196.29	479.262
3196.7	476.885
3197.12	471.503
3197.53	476.946
3197.95	479.169
3198.36	471.169
3198.78	475.443
3199.19	479.422
3199.61	472.169
3200.02	473.73
3200.44	476.246
3200.85	468.503
3201.27	468.503
3201.68	459.346
3202.1	456.836
3202.51	462.503
3202.93	467.503
3203.34	476.123
3203.75	471.355
3204.17	465.503
3204.58	471.989
3205	465.477
3205.41	472.491
3205.82	475.597
3206.24	457.169
3206.65	469.836
3207.07	454.836
3207.48	467.836
3207.9	451.503
3208.31	471.204
3208.72	475.91
3209.14	462.863
3209.55	471.756
3209.97	462.663
3210.38	473.13
3210.79	469.795
3211.21	471.169
3211.62	457.836
3212.04	447.503
3212.45	461.836
3212.86	457.134
3213.28	457.503
3213.69	467.448
3214.1	468.303
3214.52	467.822
3214.93	466.384
3215.35	462.503
3215.76	479.912
3216.17	470.273
3216.58	453.169
3217	456.169
3217.41	454.169
3217.83	459.854
3218.24	465.177
3218.65	458.503
3219.07	452.02
3219.48	464.268
3219.89	464.418
3220.31	467.533
3220.72	446.836
3221.13	453.503
3221.55	459.503
3221.96	461.776
3222.37	461.169
3222.78	446.36
3223.2	452.503
3223.61	457.487
3224.02	464.509
3224.44	441.836
3224.85	458.879
3225.26	459.169
3225.67	456.463
3226.09	443.503
3226.5	462.493
3226.91	454.169
3227.33	441.836
3227.74	445.116
3228.15	447.836
3228.56	454.668
3228.98	448.169
3229.39	456.023
3229.8	451.169
3230.22	450.567
3230.63	448.536
3231.04	441.594
3231.45	443.836
3231.87	448.836
3232.28	439.836
3232.69	448.169
3233.1	450.711
3233.51	444.836
3233.93	439.836
3234.34	451.653
3234.75	445.169
3235.16	439.169
3235.58	442.274
3235.99	435.169
3236.4	441.169
3236.81	447.211
3237.22	429.836
3237.64	448.613
3238.05	446.122
3238.46	449.503
3238.87	441.544
3239.29	444.169
3239.7	437.836
3240.11	446.836
3240.52	442.158
3240.93	437.389
3241.34	442.836
3241.75	422.169
3242.17	431.836
3242.58	447.279
3242.99	443.503
3243.4	425.169
3243.81	440.908
3244.23	443.169
3244.64	446.503
3245.05	432.419
3245.46	437.169
3245.87	440.169
3246.28	436.836
3246.69	444.089
3247.11	435.836
3247.52	449.826
3247.93	443.584
3248.34	438.523
3248.75	446.148
3249.16	446.145
3249.57	434.836
3249.99	425.503
3250.4	418.169
3250.81	426.836
3251.22	428.169
3251.63	427.71
3252.04	431.783
3252.45	435.16
3252.86	406.524
3253.27	432.274
3253.68	434.064
3254.09	415.487
3254.51	438.435
3254.92	437.888
3255.33	434.866
3255.74	438.237
3256.15	438.573
3256.56	426.547
3256.97	430.078
3257.38	436.408
3257.79	419.656
3258.2	422.341
3258.61	433.267
3259.02	424.732
3259.43	419.801
3259.84	438.534
3260.25	424.445
3260.67	429.451
3261.08	424.765
3261.49	431.515
3261.9	431.819
3262.31	431.404
3262.72	434.003
3263.13	419.396
3263.54	423.426
3263.95	423.163
3264.36	426.621
3264.77	432.564
3265.18	423.757
3265.59	430.538
3266	433.697
3266.41	424.137
3266.82	432.125
3267.23	425.705
3267.64	422.153
3268.05	425.659
3268.46	430.753
3268.87	433.912
3269.28	404.392
3269.69	426.615
3270.1	426.803
3270.51	421.616
3270.92	429.978
3271.33	429.136
3271.74	422.03
3272.15	429.338
3272.56	419.819
3272.97	429.209
3273.38	432.52
3273.78	428.965
3274.19	427.219
3274.6	432.551
3275.01	427.023
3275.42	417.1
3275.83	421.192
3276.24	418.915
3276.65	423.567
3277.06	425.321
3277.47	414.336
3277.88	414.385
3278.29	411.209
3278.7	424.389
3279.11	421.985
3279.52	425.009
3279.92	416.587
3280.33	413.523
3280.74	419.077
3281.15	420.559
3281.56	414.969
3281.97	416.189
3282.38	417.222
3282.79	417.165
3283.2	410.893
3283.61	418.077
3284.01	416.863
3284.42	411.617
3284.83	414.704
3285.24	411.554
3285.65	410.111
3286.06	413.447
3286.47	413.482
3286.88	408.568
3287.28	406.818
3287.69	416.759
3288.1	401.533
3288.51	409.483
3288.92	408
3289.33	401.862
3289.73	415.787
3290.14	409.37
3290.55	408.933
3290.96	412.423
3291.37	401.2
3291.78	406.425
3292.18	408.224
3292.59	405.203
3293	406.452
3293.41	408.109
3293.82	405.865
3294.23	409.428
3294.63	404.642
3295.04	410.095
3295.45	401.475
3295.86	410.486
3296.27	394.468
3296.67	407.752
3297.08	404.442
3297.49	403.357
3297.9	408.594
3298.31	408.493
3298.71	404.073
3299.12	404.544
3299.53	401.51
3299.94	393.092
3300.34	401.079
3300.75	406.726
3301.16	407.036
3301.57	388.19
3301.97	400.077
3302.38	401.406
3302.79	397.299
3303.2	401.679
3303.6	393.988
3304.01	397.228
3304.42	399.758
3304.83	396.157
3305.23	401.585
3305.64	400.254
3306.05	392.721
3306.46	390.364
3306.86	402.23
3307.27	394.054
3307.68	393.692
3308.09	409.149
3308.49	395.641
3308.9	392.128
3309.31	389.466
3309.71	390.69
3310.12	396.404
3310.53	389.069
3310.93	386.405
3311.34	390.955
3311.75	389.776
3312.15	387.29
3312.56	392.5
3312.97	383.424
3313.38	397.909
3313.78	392.647
3314.19	392.976
3314.6	388.966
3315	391.086
3315.41	380.091
3315.82	388.457
3316.22	384.911
3316.63	392.24
3317.03	378.956
3317.44	392.335
3317.85	346.624
3318.25	384.01
3318.66	383.649
3319.07	386.704
3319.47	389.877
3319.88	391.53
3320.29	385.936
3320.69	387.563
3321.1	377.883
3321.51	383.709
3321.91	381.472
3322.32	386.884
3322.72	378.081
3323.13	373.291
3323.54	388.013
3323.94	382.409
3324.35	379.026
3324.75	385.914
3325.16	377.695
3325.57	382.358
3325.97	374.42
3326.38	375.324
3326.78	374.088
3327.19	379.597
3327.59	371.956
3328	377.871
3328.41	376.486
3328.81	376.262
3329.22	374.719
3329.62	366.923
3330.03	380.213
3330.44	375.156
3330.84	368.855
3331.25	352.252
3331.65	363.582
3332.06	362.94
3332.46	375.496
3332.87	366.831
3333.27	371.463
3333.68	359.822
3334.08	371.436
3334.49	365.024
3334.9	360.816
3335.3	355.752
3335.71	371.536
3336.11	363.784
3336.51	366.412
3336.92	365.517
3337.33	363.655
3337.73	366.016
3338.14	362.915
3338.54	362.199
3338.95	366.292
3339.35	365.262
3339.76	364.141
3340.16	361.132
3340.56	366.876
3340.97	364.611
3341.38	360.682
3341.78	361.56
3342.19	362.661
3342.59	364.405
3342.99	364.319
3343.4	362.765
3343.8	363.963
3344.21	355.957
3344.61	358.307
3345.02	361.911
3345.42	347.149
3345.83	367.853
3346.23	358.755
3346.64	349.405
3347.04	349.268
3347.44	346.715
3347.85	356.52
3348.25	356.561
3348.66	346.616
3349.06	353.901
3349.47	352.152
3349.87	344.284
3350.27	355.486
3350.68	351.552
3351.08	356.233
3351.49	350.837
3351.89	359.223
3352.3	355.058
3352.7	347.418
3353.1	339.304
3353.51	355.266
3353.91	351.245
3354.31	351.572
3354.72	340.798
3355.12	344.781
3355.53	349.248
3355.93	344.315
3356.33	347.061
3356.74	357.13
3357.14	345.8
3357.55	344.351
3357.95	347.946
3358.35	356.14
3358.76	347.473
3359.16	345.928
3359.56	341.914
3359.97	346.765
3360.37	335.058
3360.78	339.056
3361.18	344.308
3361.58	344.275
3361.98	337.057
3362.39	343.074
3362.79	332.2
3363.19	343.45
3363.6	341.685
3364	340.051
3364.4	331.786
3364.81	335.201
3365.21	327.905
3365.61	340.256
3366.02	332.807
3366.42	339.424
3366.82	330.444
3367.23	342.462
3367.63	325.515
3368.03	329.017
3368.44	340.925
3368.84	341.28
3369.24	341.314
3369.64	333.544
3370.05	321.419
3370.45	341.968
3370.85	336.132
3371.26	329.484
3371.66	320.629
3372.06	329.24
3372.46	326.799
3372.87	330.803
3373.27	324.9
3373.67	323.011
3374.07	314.499
3374.48	324.341
3374.8	332.822
3375.21	321.438
3375.61	317.105
3376.02	326.094
3376.42	316.603
3376.83	326.438
3377.23	321.59
3377.64	328.198
3378.04	325.772
3378.45	316.551
3378.85	313.105
3379.26	312.438
3379.66	322.802
3380.07	317.55
3380.47	313.438
3380.88	309.772
3381.28	317.772
3381.69	316.955
3382.09	307.274
3382.49	312.767
3382.9	301.02
3383.3	317.105
3383.71	313.694
3384.11	313.556
3384.52	312.438
3384.92	316.438
3385.33	313.772
3385.73	324.821
3386.14	313.92
3386.54	325.795
3386.94	322.438
3387.35	313.438
3387.75	312.061
3388.16	319.105
3388.56	326.168
3388.97	323.031
3389.37	314.424
3389.77	310.772
3390.18	317.363
3390.58	310.105
3390.99	310.772
3391.39	312.438
3391.79	304.674
3392.2	307.105
3392.6	317.438
3393.01	315.105
3393.41	315.282
3393.81	312.41
3394.22	311.802
3394.62	301.438
3395.02	312.273
3395.43	308.772
3395.83	309.567
3396.24	309.438
3396.64	306.105
3397.04	303.438
3397.45	310.105
3397.85	314.105
3398.25	307.042
3398.66	308.634
3399.06	305.121
3399.46	308.035
3399.87	308.102
3400.27	307.105
3400.67	304.026
3401.08	304.772
3401.48	308.105
3401.88	306.438
3402.29	294.105
3402.69	310.344
3403.09	308.372
3403.5	305.438
3403.9	285.772
3404.3	301.105
3404.71	302.772
3405.11	305.438
3405.51	307.772
3405.92	303.105
3406.32	311.105
3406.72	308.186
3407.12	303.757
3407.53	294.105
3407.93	302.772
3408.33	303.979
3408.73	304.019
3409.14	304.242
3409.54	294.772
3409.94	300.438
3410.35	293.105
3410.75	299.462
3411.15	309.515
3411.55	297.105
3411.96	298.772
3412.36	292.772
3412.76	294.438
3413.17	286.105
3413.57	295.438
3413.97	287.438
3414.37	306.154
3414.77	294.344
3415.18	294.772
3415.58	293.887
3415.98	295.887
3416.38	281.105
3416.79	296.438
3417.19	296.105
3417.59	299.814
3417.99	289.353
3418.4	296.828
3418.8	284.772
3419.2	287.438
3419.6	287.772
3420	296.161
3420.41	290.164
3420.81	293.498
3421.21	280.745
3421.61	294.105
3422.01	287.105
3422.42	290.772
3422.82	290.165
3423.22	284.772
3423.62	285.772
3424.02	294.105
3424.42	287.438
3424.82	288.695
3425.23	298.906
3425.63	289.015
3426.03	275.105
3426.43	286.438
3426.83	292.508
3427.24	293.098
3427.64	287.772
3428.04	282.438
3428.44	291.516
3428.84	291.772
3429.24	283.772
3429.64	282.371
3430.05	285.438
3430.45	275.438
3430.85	288.007
3431.25	291.049
3431.65	285.553
3432.05	288.438
3432.45	287.105
3432.85	295.48
3433.25	284.105
3433.66	274.438
3434.06	288.07
3434.46	295.485
3434.86	287.624
3435.26	281.707
3435.66	284.355
3436.06	285.772
3436.46	286.105
3436.86	294.481
3437.27	281.438
3437.67	284.438
3438.07	284.105
3438.47	278.784
3438.87	282.772
3439.27	288.062
3439.67	284.438
3440.07	282.698
3440.47	282.438
3440.87	279.438
3441.27	294.763
3441.67	284.452
3442.07	270.105
3442.47	276.059
3442.87	281.438
3443.27	284.776
3443.68	283.936
3444.07	275.721
3444.48	281.438
3444.88	275.982
3445.28	280.438
3445.68	268.772
3446.08	280.119
3446.48	268.105
3446.88	284.207
3447.28	280.438
3447.68	265.772
3448.08	269.438
3448.48	273.688
3448.88	271.772
3449.28	272.438
3449.68	273.906
3450.08	279.154
3450.48	273.772
3450.88	269.618
3451.28	276.931
3451.68	268.438
3452.08	267.772
3452.48	267.772
3452.88	267.105
3453.28	260.438
3453.68	268.438
3454.08	260.438
3454.48	275.862
3454.88	269.053
3455.28	269.103
3455.68	268.438
3456.07	272.118
3456.47	268.105
3456.87	277.711
3457.27	278.005
3457.67	268.362
3458.07	263.368
3458.47	269.772
3458.87	271.105
3459.27	261.772
3459.67	266.772
3460.07	264.105
3460.47	266.105
3460.87	252.772
3461.27	268.438
3461.67	270.772
3462.07	274.772
3462.46	269.105
3462.86	267.966
3463.26	270.105
3463.66	269.477
3464.06	266.105
3464.46	264.105
3464.86	266.716
3465.26	272.765
3465.66	269.438
3466.06	276.194
3466.45	263.772
3466.85	259.438
3467.25	264.438
3467.65	271.397
3468.05	262.105
3468.45	264.264
3468.85	267.438
3469.25	263.772
3469.64	263.105
3470.04	267.772
3470.44	271.302
3470.84	269.916
3471.24	263.438
3471.64	260.772
3472.04	263.438
3472.43	270.002
3472.83	267.671
3473.23	258.304
3473.63	261.479
3474.03	264.776
3474.43	252.105
3474.83	266.498
3475.22	266.772
3475.62	256.772
3476.02	263.502
3476.42	257.105
3476.81	266.438
3477.21	254.438
3477.61	260.96
3478.01	251.438
3478.41	258.162
3478.81	262.105
3479.2	259.355
3479.6	263.105
3480	250.438
3480.4	254.772
3480.8	260.137
3481.19	255.901
3481.59	259.438
3481.99	260.105
3482.39	260.677
3482.78	265.201
3483.18	263.772
3483.58	259.105
3483.98	261.861
3484.38	250.772
3484.77	265.772
3485.17	260.105
3485.57	267.475
3485.96	254.342
3486.36	257.772
3486.76	253.438
3487.16	249.192
3487.56	261.003
3487.95	250.613
3488.35	257.438
3488.75	256.105
3489.15	244.105
3489.54	257.105
3489.94	257.105
3490.34	255.772
3490.73	252.772
3491.13	250.772
3491.53	262.105
3491.92	257.655
3492.32	251.438
3492.72	253.635
3493.12	257.772
3493.51	255.105
3493.91	255.438
3494.31	250.479
3494.7	249.121
3495.1	262.105
3495.5	246.772
3495.9	255.105
3496.29	262.772
3496.69	254.772
3497.09	258.772
3497.48	243.105
3497.88	252.438
3498.28	266.503
3498.67	262.925
3499.07	255.322
3499.47	259.337
3499.86	259.772
3500.26	259.105
3500.65	253.438
3501.05	252.105
3501.45	263.105
3501.84	253.816
3502.24	254.913
3502.64	258.347
3503.03	250.204
3503.43	250.098
3503.83	241.772
3504.22	246.479
3504.62	245.477
3505.02	258.105
3505.41	247.438
3505.81	240.105
3506.2	246.433
3506.6	241.438
3507	249.772
3507.39	252.438
3507.79	243.772
3508.18	246.24
3508.58	256.127
3508.98	251.438
3509.37	249.482
3509.77	245.772
3510.16	248.772
3510.56	237.438
3510.96	253.666
3511.35	256.851
3511.75	248.928
3512.14	247.438
3512.54	255.949
3512.93	251.286
3513.33	250.626
3513.72	242.772
3514.12	246.772
3514.52	250.438
3514.91	246.675
3515.31	247.438
3515.7	242.772
3516.1	246.772
3516.49	249.772
3516.89	234.438
3517.28	247.438
3517.68	256.803
3518.08	244.438
3518.47	250.977
3518.87	247.015
3519.26	248.267
3519.66	250.11
3520.05	251.497
3520.45	255.438
3520.84	249.972
3521.24	244.815
3521.63	246.105
3522.03	246.105
3522.42	245.772
3522.82	241.438
3523.21	243.105
3523.61	243.842
3524	247.772
3524.4	239.836
3524.79	241.772
3525.19	252.105
3525.58	239.772
3525.98	244.105
3526.37	243.105
3526.77	244.438
3527.16	251.105
3527.56	254.338
3527.95	247.769
3528.34	253.105
3528.74	240.772
3529.13	249.438
3529.53	254.772
3529.92	239.105
3530.32	253.105
3530.71	240.772
3531.11	247.618
3531.5	246.379
3531.89	259.752
3532.29	293.415
3532.68	280.105
3533.08	258.57
3533.47	243.772
3533.87	259.105
3534.26	299.036
3534.66	292.666
3535.05	293.534
3535.44	272.107
3535.84	259.69
3536.23	240.772
3536.63	243.735
3537.02	247.489
3537.41	248.753
3537.81	239.438
3538.2	241.999
3538.6	233.438
3538.99	240.548
3539.38	227.438
3539.78	236.438
3540.17	245.812
3540.57	241.309
3540.96	244.105
3541.35	242.105
3541.75	243.772
3542.14	234.105
3542.53	237.438
3542.93	242.124
3543.32	250.445
3543.71	240.734
3544.11	244.179
3544.5	237.795
3544.89	229.747
3545.29	237.685
3545.68	251.742
3546.07	232.925
3546.47	244.56
3546.86	244.077
3547.25	236.229
3547.65	235.794
3548.04	238.049
3548.43	241.842
3548.83	234.779
3549.22	240.081
3549.61	235.618
3550.01	242.13
3550.4	240.709
3550.79	234.25
3551.19	244.514
3551.58	241.41
3551.97	240.982
3552.36	236.169
3552.76	241.424
3553.15	242.736
3553.54	241.499
3553.94	240.527
3554.33	236.979
3554.72	243.713
3555.12	235.957
3555.51	236.24
3555.9	237.481
3556.29	241.797
3556.69	242.07
3557.08	237.418
3557.47	243.331
3557.86	227.113
3558.26	237.542
3558.65	234.742
3559.04	230.096
3559.44	227.503
3559.83	243.079
3560.22	235.883
3560.61	239.669
3561	227.675
3561.4	235.425
3561.79	240.136
3562.18	229.278
3562.57	230.287
3562.97	228.899
3563.36	236.208
3563.75	238.776
3564.14	229.927
3564.53	233.016
3564.93	233.376
3565.32	228.273
3565.71	232.924
3566.1	234.832
3566.49	231.021
3566.89	227.551
3567.28	239.497
3567.67	242.036
3568.06	228.539
3568.45	228.515
3568.85	233.083
3569.24	235.644
3569.63	230.281
3570.02	236.234
3570.41	236.727
3570.81	238.073
3571.2	234.085
3571.59	227.719
3571.98	224.533
3572.37	232.796
3572.76	231.311
3573.15	235.079
3573.55	229.428
3573.94	231.524
3574.33	233.443
3574.72	229.325
3575.11	230.348
3575.5	232.584
3575.89	229.468
3576.29	230.27
3576.68	227.006
3577.07	232.272
3577.46	233.672
3577.85	232.44
3578.24	228.213
3578.63	225.129
3579.02	233.107
3579.42	215.033
3579.81	229.882
3580.2	227.948
3580.59	228.518
3580.98	225.788
3581.37	229.216
3581.76	234.597
3582.15	226.121
3582.54	227.275
3582.93	224.907
3583.33	225.42
3583.72	222.909
3584.11	226.913
3584.5	231.623
3584.89	228.869
3585.28	229.385
3585.67	219.804
3586.06	225.559
3586.45	225.419
3586.84	219.653
3587.23	229.346
3587.62	228.537
3588.01	226.347
3588.4	225.111
3588.79	227.381
3589.19	230.001
3589.57	222.517
3589.97	228.132
3590.36	229.349
3590.75	233.088
3591.14	228.044
3591.53	227.196
3591.92	227.329
3592.31	224.369
3592.7	225.077
3593.09	219.934
3593.48	225.764
3593.87	222.803
3594.26	220.718
3594.65	227.834
3595.04	220.299
3595.43	228.696
3595.82	226.199
3596.21	219.997
3596.6	224.365
3596.99	218.909
3597.38	220.878
3597.77	215.143
3598.16	220.575
3598.55	228.44
3598.94	220.816
3599.33	220.291
3599.72	225.346
3600.11	218.893
3600.5	228.795
3600.89	216.756
3601.28	220.922
3601.66	221.01
3602.05	221.819
3602.44	217.205
3602.83	219.626
3603.22	218.059
3603.61	220.529
3604	217.755
3604.39	214.551
3604.78	220.895
3605.17	211.702
3605.56	214.016
3605.95	182.473
3606.34	220.992
3606.73	220.747
3607.12	215.028
3607.51	214.326
3607.89	218.03
3608.28	214.769
3608.67	217.577
3609.06	218.018
3609.45	215.841
3609.84	216.268
3610.23	220.954
3610.62	212.147
3611.01	214.636
3611.4	216.127
3611.78	216.188
3612.17	216.594
3612.56	217.524
3612.95	219.71
3613.34	216.201
3613.73	212.54
3614.12	212.413
3614.51	214.256
3614.9	201.999
3615.28	203.722
3615.67	209.634
3616.06	217.285
3616.45	212.343
3616.84	217.9
3617.23	210.117
3617.62	224.197
3618	216.779
3618.39	210.587
3618.78	210.276
3619.17	208.404
3619.56	209.391
3619.95	205.155
3620.33	207.091
3620.72	207.941
3621.11	211.104
3621.5	207.728
3621.89	209.671
3622.27	205.631
3622.66	206.982
3623.05	213.495
3623.44	205.624
3623.83	212.234
3624.22	214.104
3624.6	213.143
3624.99	218.52
3625.38	215.511
3625.77	216.907
3626.15	212.517
3626.54	214.511
3626.93	216.616
3627.32	214.716
3627.71	214.184
3628.09	205.906
3628.48	207.462
3628.87	214.225
3629.26	211.857
3629.64	213.311
3630.03	216.282
3630.42	215.801
3630.81	210.387
3631.19	204.442
3631.58	214.353
3631.97	209.698
3632.36	194.978
3632.74	212.411
3633.13	212.389
3633.52	213.914
3633.91	203.954
3634.29	208.269
3634.68	206.981
3635.07	204.854
3635.46	215.062
3635.84	212.894
3636.23	214.145
3636.62	210.732
3637.01	224.848
3637.39	211.106
3637.78	210.814
3638.17	216.9
3638.55	205.711
3638.94	213.987
3639.33	214.431
3639.71	212.299
3640.1	207.507
3640.49	209.724
3640.88	210.751
3641.26	208.763
3641.65	214.674
3642.04	213.115
3642.42	208.724
3642.81	218.36
3643.2	215.71
3643.58	217.029
3643.97	207.621
3644.36	209.35
3644.74	210.113
3645.13	216.119
3645.52	209.379
3645.9	212.286
3646.29	197.492
3646.68	214.298
3647.06	215.788
3647.45	210.779
3647.83	202.352
3648.22	212.53
3648.61	213.912
3648.99	202.177
3649.38	214.109
3649.77	213.031
3650.15	201.269
3650.54	207.609
3650.93	213.349
3651.31	212.051
3651.7	210.971
3652.08	209.875
3652.47	207.571
3652.85	205.043
3653.24	193.067
3653.63	210.283
3654.01	217.76
3654.4	205.591
3654.79	206.776
3655.17	189.063
3655.56	212.646
3655.94	205.714
3656.33	199.985
3656.71	199.402
3657.1	202.929
3657.49	198.294
3657.87	205.08
3658.26	205.958
3658.64	201.677
3659.03	198.566
3659.41	200.874
3659.8	203.391
3660.19	206.021
3660.48	216.745
3660.87	195.021
3661.26	212.021
3661.64	216.258
3662.03	203.688
3662.42	218.394
3662.81	212.021
3663.2	213.506
3663.58	204.792
3663.97	205.021
3664.36	212.117
3664.75	202.688
3665.14	208.354
3665.52	207.075
3665.91	203.688
3666.3	210.042
3666.69	210.021
3667.07	202.884
3667.46	205.456
3667.85	208.688
3668.24	197.354
3668.62	205.354
3669.01	213.972
3669.4	211.984
3669.79	198.688
3670.17	196.021
3670.56	209.688
3670.95	205.021
3671.34	207.793
3671.72	210.964
3672.11	205.455
3672.5	207.688
3672.89	207.354
3673.27	210.014
3673.66	206.254
3674.05	211.354
3674.43	203.688
3674.82	205.021
3675.21	209.021
3675.6	207.354
3675.98	210.315
3676.37	206.354
3676.76	204.674
3677.14	207.021
3677.53	208.688
3677.92	207.813
3678.31	195.688
3678.69	204.756
3679.08	205.113
3679.46	211.724
3679.85	202.021
3680.24	205.201
3680.63	205.542
3681.01	204.688
3681.4	212.021
3681.79	215.17
3682.17	212.071
3682.56	210.688
3682.95	203.736
3683.33	214.038
3683.72	210.066
3684.11	208.809
3684.49	213.688
3684.88	201.688
3685.26	206.354
3685.65	212.834
3686.04	199.021
3686.42	211.746
3686.81	210.688
3687.2	199.354
3687.58	210.021
3687.97	205.354
3688.35	206.021
3688.74	210.152
3689.13	206.13
3689.51	208.021
3689.9	199.354
3690.29	199.354
3690.67	198.984
3691.06	208.274
3691.44	198.021
3691.83	206.586
3692.22	197.354
3692.6	200.56
3692.99	205.688
3693.37	203.853
3693.76	203.688
3694.14	201.021
3694.53	208.021
3694.92	209.064
3695.3	195.354
3695.69	201.354
3696.07	198.688
3696.46	203.354
3696.85	216.006
3697.23	202.354
3697.62	208.305
3698	213.311
3698.39	208.076
3698.77	206.74
3699.16	205.083
3699.54	205.354
3699.93	206.354
