2462
99.7183	5991.46
100.339	6011.9
100.96	6018.91
101.58	5967.87
102.203	5959.01
102.824	5788.68
103.444	5794.01
104.065	5816.35
104.685	5935.35
105.306	6145.38
105.928	6286.93
106.549	6388.52
107.169	6377.44
107.789	6400.66
108.409	6296.93
109.03	6126.79
109.652	6074.87
110.272	5935.35
110.892	5716.68
111.512	5711.01
112.132	5620.35
112.752	5573.01
113.372	5564.68
113.992	5673.68
114.614	5726.68
115.234	5786.24
115.853	5813
116.473	5827.97
117.093	5767.04
117.712	5884.56
118.332	5796.01
118.951	5684.35
119.571	5589.68
120.19	5599.01
120.812	5545.01
121.431	5635.35
122.051	5713.01
122.67	5740.9
123.289	5756.1
123.908	5772.23
124.528	5676.89
125.147	5625.68
125.766	5609.01
126.385	5464.01
127.004	5468.68
127.623	5421.35
128.242	5511.68
128.861	5527.01
129.479	5547.06
130.098	5569.01
130.717	5546.52
131.336	5574.45
131.957	5532.79
132.575	5486.01
133.194	5417.35
133.813	5335.35
134.431	5323.01
135.05	5323.68
135.668	5331.68
136.286	5340.01
136.905	5378.68
137.523	5449.35
138.141	5472.03
138.76	5489.29
139.378	5503.81
139.996	5491.36
140.612	5500.47
141.23	5493.63
141.848	5482.39
142.466	5393.01
143.084	5346.68
143.702	5356.68
144.32	5301.35
144.938	5247.68
145.556	5299.35
146.173	5401.58
146.791	5380.35
147.409	5357.68
148.027	5359.35
148.644	5332.01
149.262	5359.68
149.879	5317.68
150.497	5334.01
151.114	5364.01
151.729	5340.68
152.347	5392.68
152.964	5390.01
153.581	5363.69
154.199	5389.41
154.816	5391.11
155.433	5394.04
156.05	5304.68
156.667	5341.68
157.285	5333.68
157.899	5403.49
158.516	5409.02
159.133	5341.98
159.75	5368.9
160.367	5404.57
160.984	5359.4
161.601	5346.68
162.215	5300.01
162.832	5292.12
163.448	5333.85
164.065	5306.26
164.682	5247.01
165.298	5283.35
165.915	5177.01
166.529	5191.01
167.145	5150.35
167.762	5150.35
168.378	5152.35
168.995	5163.35
169.609	5288.01
170.225	5238.01
170.841	5310.71
171.457	5307.35
172.073	5317.35
172.687	5280.68
173.303	5319.68
173.919	5284.68
174.535	5329.68
175.151	5291.68
175.765	5307.99
176.381	5315.01
176.996	5309.35
177.612	5339.72
178.226	5357.35
178.841	5282.68
179.457	5336.35
180.073	5363.01
180.686	5369.01
181.301	5329.01
181.917	5335.01
182.532	5269.68
183.145	5295.01
183.761	5328.35
184.376	5296.01
184.991	5327.35
185.604	5391.68
186.22	5402.01
186.835	5367.89
187.45	5371.78
188.063	5398.92
188.678	5327.68
189.293	5326.35
189.906	5331.01
190.521	5352.35
191.136	5331.68
191.748	5305.01
192.363	5387.75
192.978	5335.01
193.59	5373.18
194.205	5387.68
194.82	5355.35
195.432	5360.01
196.047	5337.35
196.661	5341.68
197.273	5362.79
197.888	5382.61
198.502	5339.35
199.114	5187.01
199.729	5289.01
200.343	5297.01
200.955	5345.35
201.569	5352.01
202.184	5350.04
202.795	5388.66
203.41	5377.7
204.021	5276.68
204.635	5355.71
205.249	5320.35
205.861	5296.01
206.475	5294.25
207.087	5318.68
207.701	5335.01
208.314	5314.01
208.926	5350.68
209.54	5322.68
210.151	5322.44
210.765	5310.35
211.378	5302.35
211.99	5339.35
212.603	5325.68
213.214	5316.35
213.828	5345.68
214.439	5293.35
215.052	5302.68
215.663	5316.68
216.277	5303.22
216.89	5337.68
217.501	5305.68
218.114	5321.35
218.725	5315.01
219.338	5341.93
219.949	5353.68
220.562	5318.68
221.173	5281.35
221.786	5312.35
222.396	5317.19
223.009	5291.35
223.62	5295.68
224.233	5277.35
224.843	5306.68
225.456	5323.68
226.066	5339
226.679	5352.35
227.289	5307.35
227.902	5315.01
228.512	5327.68
229.124	5340.35
229.735	5347.35
230.347	5324.35
230.957	5351.68
231.57	5323.35
232.18	5320.68
232.79	5312.35
233.402	5382.68
234.012	5342.01
234.624	5388.35
235.234	5376.68
235.846	5397.35
236.455	5404.3
237.067	5395.35
237.677	5355.35
238.287	5391.01
238.899	5383.31
239.508	5379.68
240.12	5348.35
240.729	5315.35
241.339	5398.26
241.951	5386.01
242.56	5411.68
243.172	5380.01
243.781	5364.68
244.39	5417.68
245.002	5415.01
245.611	5388.01
246.22	5372.35
246.831	5420.01
247.44	5429.01
248.052	5423.01
248.661	5466.62
249.27	5434.69
249.881	5459.06
250.49	5431.01
251.098	5456.07
251.709	5421.35
252.318	5452.84
252.927	5435.68
253.538	5423.68
254.146	5498.35
254.755	5478.68
255.366	5425.01
255.974	5445.01
256.583	5475.01
257.194	5462.35
257.802	5510.67
258.41	5469.01
259.019	5468.01
259.629	5496.35
260.237	5478.68
260.846	5441.2
261.456	5471.01
262.064	5394.68
262.672	5433.35
263.28	5475.68
263.891	5502.54
264.499	5465.68
265.107	5499.35
265.714	5486.35
266.325	5468.35
266.932	5428.01
267.54	5435.68
268.148	5474.35
268.758	5482.35
269.366	5456.01
269.973	5488.27
270.581	5487.01
271.191	5446.35
271.798	5465.68
272.406	5394.01
273.013	5451.01
273.623	5492.97
274.23	5484.01
274.837	5489.68
275.445	5454.01
276.052	5483.35
276.661	5496.01
277.269	5451.68
277.876	5468.35
278.483	5531.61
279.09	5503.68
279.697	5488.68
280.306	5459.35
280.913	5539.01
281.52	5520.35
282.127	5470.68
282.734	5528.31
283.34	5521.04
283.949	5542.01
284.556	5543.01
285.163	5511.68
285.769	5484.01
286.376	5510.01
286.983	5544.35
287.589	5521.68
288.196	5520.35
288.804	5540.68
289.411	5538.35
290.017	5543.35
290.623	5529.68
291.23	5527.01
291.836	5520.01
292.442	5508.35
293.048	5542.35
293.654	5523.68
294.26	5546.01
294.869	5547.01
295.475	5542.01
296.081	5514.01
296.687	5565.69
297.293	5574.35
297.898	5602.01
298.504	5554.75
299.11	5616.03
299.716	5627.01
300.322	5536.68
300.927	5574.68
301.533	5565.01
302.138	5578.68
302.744	5607.46
303.35	5631.35
303.955	5584.01
304.56	5575.65
305.166	5606.03
305.771	5620.25
306.377	5572.68
306.982	5607.35
307.587	5682.04
308.192	5622.87
308.798	5661.11
309.403	5540.35
310.008	5624.01
310.613	5611.35
311.218	5672.35
311.823	5636.01
312.428	5658.68
313.033	5672.01
313.638	5693.87
314.242	5660.35
314.847	5647.68
315.452	5709.01
316.057	5651.35
316.661	5694.01
317.266	5703.35
317.871	5738.56
318.475	5738.59
319.08	5743.24
319.684	5759.28
320.289	5748.65
320.893	5752.08
321.497	5719.01
322.102	5728.68
322.704	5721.01
323.308	5727.35
323.912	5756.35
324.516	5768.35
325.121	5755.68
325.725	5679.01
326.329	5736.02
326.933	5710.55
327.537	5760.54
328.141	5773.68
328.742	5777.2
329.346	5767.92
329.95	5713.35
330.554	5765.68
331.158	5738.31
331.761	5729.73
332.365	5754.68
332.967	5772.68
333.57	5742.01
334.174	5782.68
334.777	5749.01
335.381	5769.68
335.984	5790.35
336.585	5718.68
337.189	5756.01
337.792	5760.35
338.395	5750.35
338.999	5758.35
339.602	5764.68
340.203	5728.68
340.806	5759.01
341.409	5758.01
342.012	5774.14
342.615	5812.71
343.216	5730.35
343.819	5759.01
344.422	5755.05
345.025	5731.68
345.625	5740.68
346.228	5783.67
346.831	5706.01
347.434	5729.35
348.036	5679.68
348.637	5682.35
349.24	5754.35
349.842	5691.01
350.445	5710.01
351.045	5701.35
351.647	5736.01
352.25	5696.01
352.85	5679.01
353.452	5703.58
354.055	5701.31
354.657	5689.73
355.257	5696.01
355.859	5724.35
356.461	5688.35
357.061	5655.35
357.663	5685.68
358.265	5657.68
358.867	5713.68
359.467	5680.35
360.069	5711.42
360.671	5676.35
361.271	5660.35
361.872	5713.58
362.474	5668.68
363.074	5626.35
363.675	5687.01
364.277	5666.68
364.876	5647.35
365.478	5642.68
366.08	5605.68
366.679	5611.01
367.28	5613.35
367.88	5655.01
368.481	5652.01
369.082	5624.32
369.682	5614.17
370.283	5637.68
370.884	5620.35
371.483	5653.42
372.084	5624.1
372.683	5638.01
373.284	5579.35
373.885	5611.01
374.484	5637.68
375.085	5621.01
375.684	5614.22
376.285	5659.19
376.886	5602.01
377.484	5580.01
378.085	5629.68
378.684	5655.35
379.284	5649.68
379.883	5592.01
380.483	5614.01
381.082	5629.23
381.682	5578.21
382.283	5591.68
382.881	5567.35
383.482	5650.68
384.08	5577.01
384.68	5575.68
385.278	5573.68
385.879	5567.68
386.477	5568.01
387.077	5595.68
387.675	5609.25
388.275	5552.07
388.873	5580.35
389.473	5575.35
390.071	5614.35
390.671	5565.01
391.269	5581.01
391.869	5523.01
392.466	5600.26
393.066	5518.68
393.664	5543.35
394.264	5547.01
394.861	5536.35
395.461	5551.35
396.058	5578.01
396.658	5545.68
397.255	5571.35
397.853	5560.14
398.452	5532.68
399.049	5558.89
399.649	5570.01
400.246	5485.68
400.845	5553.35
401.443	5531.61
402.04	5557.01
402.639	5546.22
403.236	5606.26
403.835	5533.68
404.432	5558.25
405.029	5569.41
405.628	5533.68
406.225	5533.68
406.824	5512.01
407.42	5541.68
408.017	5506.35
408.616	5517.01
409.213	5499.68
409.811	5495.68
410.408	5539.01
411.005	5555.72
411.603	5535.79
412.2	5557.01
412.796	5522.68
413.395	5541.35
413.991	5544.68
414.587	5533.68
415.186	5526.01
415.782	5489.35
416.378	5531.68
416.976	5570.35
417.573	5539.35
418.169	5516.1
418.767	5562.51
419.363	5551.35
419.959	5559.01
420.557	5535.01
421.153	5519.68
421.749	5580.35
422.344	5587.35
422.942	5562.01
423.538	5609.35
424.134	5556.35
424.732	5602.01
425.327	5568.01
425.923	5571.35
426.518	5548.01
427.116	5570.01
427.712	5554.68
428.307	5572.35
428.902	5601.71
429.5	5607.38
430.095	5582.35
430.691	5578.68
431.286	5594.01
431.883	5532.68
432.478	5607.32
433.074	5582.35
433.669	5583.68
434.264	5564.35
434.861	5589.01
435.456	5582.79
436.051	5605.07
436.646	5626.45
437.241	5603.01
437.838	5572.01
438.433	5565.35
439.027	5625.68
439.622	5586.01
440.217	5588.35
440.814	5606
441.408	5604.89
442.003	5608.35
442.597	5614.68
443.192	5639.89
443.786	5616.01
444.381	5646.35
444.977	5665.09
445.572	5671.6
446.166	5648.35
446.76	5664.61
447.354	5679.51
447.949	5672.82
448.543	5683.35
449.139	5618.01
449.733	5641.68
450.327	5630.01
450.921	5620.35
451.515	5631.01
452.109	5620.35
452.703	5644.35
453.297	5611.01
453.891	5642.68
454.485	5608.35
455.081	5664.64
455.674	5661.35
456.268	5629.35
456.862	5572.01
457.455	5630.35
458.049	5647.89
458.642	5662.68
459.236	5598.68
459.829	5618.68
460.423	5617.68
461.016	5624.35
461.609	5641.01
462.203	5640.35
462.796	5616.68
463.389	5618.01
463.982	5601.35
464.576	5590.35
465.169	5623.68
465.762	5614.43
466.355	5583.64
466.948	5583.68
467.541	5597.68
468.134	5552.68
468.727	5566.68
469.32	5565.68
469.912	5587.35
470.505	5548.35
471.098	5554.01
471.691	5534.68
472.283	5506.01
472.876	5528.43
473.469	5550.55
474.061	5468.01
474.654	5540.68
475.246	5541.01
475.839	5502.01
476.431	5545.6
477.023	5499.01
477.616	5472.68
478.208	5494.01
478.798	5453.01
479.39	5459.01
479.983	5496.35
480.575	5443.41
481.167	5459.64
481.759	5486.35
482.351	5441.35
482.943	5466.35
483.535	5451.01
484.127	5406.01
484.717	5454.68
485.309	5457.01
485.9	5358.68
486.492	5450.34
487.084	5401.9
487.676	5412.35
488.267	5395.68
488.859	5431.01
489.448	5411.01
490.04	5432.01
490.632	5371.01
491.223	5425.01
491.814	5355.35
492.406	5408.35
492.995	5361.68
493.586	5368.01
494.178	5385.68
494.769	5349.35
495.36	5341.35
495.949	5356.59
496.54	5369.35
497.132	5355.68
497.723	5326.68
498.314	5339.68
498.903	5275.35
499.493	5318.35
500.084	5277.01
500.675	5283.35
501.266	5267.01
501.855	5309.01
502.446	5238.35
503.036	5268.01
503.627	5256.01
504.216	5299.01
504.806	5241.01
505.397	5306.95
505.987	5261.68
506.576	5273.35
507.166	5244.35
507.757	5281.01
508.347	5265.01
508.935	5243.68
509.526	5283.01
510.116	5233.35
510.704	5261.68
511.294	5230.35
511.885	5248.68
512.475	5288.68
513.063	5245.35
513.653	5246.35
514.243	5263.35
514.831	5285.68
515.421	5238.35
516.011	5272.01
516.598	5266.35
517.188	5289.35
517.778	5244.01
518.366	5273.68
518.956	5200.35
519.545	5223.35
520.133	5311.11
520.722	5233.01
521.312	5244.35
521.899	5232.35
522.489	5235.35
523.076	5239.68
523.666	5288.53
524.255	5277.05
524.842	5343.9
525.432	5314.68
526.021	5327.35
526.608	5320.68
527.197	5377.09
527.784	5388.13
528.374	5405.1
528.961	5335.35
529.55	5372.68
530.139	5391.68
530.726	5462.01
531.315	5424.68
531.901	5507.96
532.49	5518.94
533.077	5458.01
533.666	5516.21
534.255	5515.35
534.841	5494.68
535.43	5582.33
536.017	5521.53
536.605	5555.01
537.192	5564.01
537.78	5579.51
538.367	5631.56
538.955	5574.35
539.542	5639.66
540.13	5626.02
540.716	5618.68
541.305	5658.35
541.891	5630.68
542.479	5639.01
543.065	5649.01
543.653	5640.01
544.239	5693.95
544.828	5663.01
545.413	5665.01
546.002	5685.53
546.587	5666.85
547.175	5739.19
547.761	5712.63
548.349	5704.73
548.935	5719.01
549.523	5685.35
550.108	5707.35
550.694	5691.35
551.282	5744.92
551.867	5729.68
552.455	5674.35
553.04	5748.01
553.628	5693.01
554.213	5765.35
554.799	5752.01
555.386	5747.01
555.972	5703.21
556.559	5773.14
557.144	5730.35
557.729	5757.01
558.317	5715.68
558.902	5674.35
559.489	5711.68
560.074	5708.01
560.659	5656.68
561.246	5690.01
561.831	5680.68
562.416	5688.01
563.003	5706.01
563.588	5703.01
564.173	5655.08
564.759	5667.55
565.344	5658.35
565.929	5600.68
566.516	5659.35
567.1	5627.35
567.685	5595.35
568.271	5644.1
568.856	5618.44
569.44	5580.57
570.027	5562.22
570.611	5633.06
571.196	5566.35
571.782	5520.68
572.367	5510.68
572.951	5504.23
573.535	5453.68
574.121	5470.01
574.705	5453.01
575.289	5419.35
575.874	5395.68
576.46	5449.03
577.044	5429.8
577.628	5415.68
578.212	5410.01
578.798	5443.45
579.381	5417.68
579.965	5389.68
580.549	5389.01
581.135	5420
581.719	5464.63
582.302	5394.68
582.886	5390.68
583.472	5322.01
584.055	5406.13
584.639	5349.01
585.222	5335.35
585.806	5354.31
586.391	5359.01
586.974	5345.35
587.558	5317.35
588.141	5286.01
588.724	5301.01
589.308	5318.68
589.893	5291.35
590.476	5315.68
591.059	5212.01
591.642	5257.68
592.225	5268.68
592.808	5284.01
593.393	5290.14
593.976	5227.68
594.559	5227.68
595.142	5208.68
595.725	5246.01
596.308	5203.68
596.89	5180.68
597.473	5182.35
598.058	5193.68
598.641	5151.01
599.223	5209.35
599.806	5161.68
600.388	5158.62
600.971	5111.35
601.553	5111.68
602.136	5139.01
602.718	5081.35
603.3	5070.68
603.883	5066.68
604.467	5086.68
605.049	5080.01
605.632	5062.68
606.214	5081.01
606.796	4982.35
607.378	5055.35
607.96	5045.01
608.542	4968.35
609.124	4964.01
609.706	5022.35
610.288	4965.35
610.87	4918.68
611.452	4930.01
612.034	4987.85
612.615	4928.68
613.197	4957.68
613.779	4938.76
614.361	4923.2
614.942	4918.01
615.524	4902.01
616.105	4915.68
616.687	4884.68
617.268	4936.01
617.85	4865.68
618.431	4899.5
619.013	4877.35
619.594	4896.22
620.175	4912.35
620.757	4865.35
621.338	4874.37
621.919	4838.68
622.5	4863.68
623.079	4832.35
623.66	4801.35
624.241	4751.35
624.822	4763.68
625.403	4744.01
625.984	4699.35
626.565	4729.68
627.146	4705.68
627.727	4738.01
628.308	4692.35
628.888	4694.01
629.467	4715.01
630.048	4702.01
630.628	4641.35
631.209	4663.68
631.79	4655.01
632.37	4653.68
632.951	4646.35
633.531	4612.35
634.109	4606.68
634.69	4632.01
635.27	4597.68
635.851	4607.01
636.431	4586.35
637.011	4582.35
637.591	4594.68
638.169	4558.68
638.75	4569.68
639.33	4578.68
639.91	4546.35
640.49	4548.68
641.068	4493.68
641.648	4528.35
642.228	4515.35
642.808	4520.01
643.388	4520.35
643.965	4525.68
644.545	4493.68
645.125	4510.35
645.704	4454.68
646.282	4452.68
646.862	4482.35
647.441	4450.01
648.021	4442.35
648.6	4436.01
649.178	4422.35
649.757	4395.35
650.337	4454.49
650.914	4345.68
651.493	4391.01
652.073	4395.35
652.652	4400.43
653.229	4343.14
653.808	4366.5
654.388	4335.61
654.967	4331.9
655.544	4345.52
656.123	4308.37
656.702	4307.11
657.279	4338.78
657.858	4307.37
658.437	4292.58
659.013	4295.21
659.592	4258.87
660.171	4303.85
660.748	4249.92
661.327	4274.28
661.905	4306.34
662.482	4264.89
663.061	4223.61
663.639	4261.4
664.216	4237.93
664.794	4217.63
665.373	4224.72
665.949	4231.09
666.527	4226.25
667.104	4182.61
667.682	4213.23
668.26	4205.04
668.837	4176.43
669.415	4185.9
669.991	4183.18
670.569	4149.18
671.147	4181.89
671.723	4142.98
672.301	4163.98
672.877	4118.21
673.455	4156
674.033	4149.62
674.609	4124.98
675.187	4126.44
675.763	4072.99
676.341	4069.6
676.916	4066.21
677.494	4084.48
678.07	4062.22
678.647	4053.07
679.223	4036.27
679.801	4041.44
680.378	4042.38
680.954	4031.75
681.531	3994.74
682.106	4003.11
682.684	4004.06
683.259	3994.91
683.836	4007.17
684.412	3984.55
684.989	3987.01
685.564	3969.59
686.141	3919.16
686.716	3943.16
687.292	3956.36
687.869	3957.91
688.444	3951.44
689.021	3933.82
689.596	3935.38
690.173	3915.29
690.747	3930.18
691.324	3881.09
691.899	3887.5
692.476	3916.35
693.051	3902.59
693.625	3910.88
694.202	3886.62
694.776	3851.56
695.353	3847.54
695.928	3805.26
696.502	3845.88
697.079	3829.54
697.653	3829.46
698.23	3795.05
698.804	3827.52
699.378	3825.69
699.955	3825.67
700.529	3790.28
701.105	3794.97
701.679	3823.23
702.253	3776.61
702.83	3754.92
703.404	3784.69
703.978	3757.98
704.554	3737.39
705.128	3731.85
705.702	3745.14
706.278	3742.23
706.851	3729.48
707.425	3699.74
708.001	3701.66
708.575	3719.61
709.148	3729.94
709.724	3707.52
710.298	3692.56
710.871	3644.32
711.135	3659.99
711.712	3660.51
712.29	3644.37
712.868	3656.99
713.446	3613.32
714.023	3592.99
714.601	3560.32
715.179	3539.65
715.756	3503.32
716.334	3501.99
716.911	3480.65
717.489	3533.65
718.066	3529.32
718.643	3554.17
719.221	3572.32
719.798	3578.94
720.375	3587.34
720.953	3562.99
721.53	3591.69
722.107	3575.99
722.684	3609.27
723.261	3624.65
723.838	3625.92
724.415	3573.99
724.992	3577.99
725.569	3588.99
726.146	3593.32
726.723	3574.65
727.298	3592.4
727.875	3554.32
728.451	3588.68
729.028	3565.32
729.605	3555.99
730.181	3541.32
730.758	3558.32
731.335	3558.32
731.911	3566.32
732.488	3554.99
733.064	3568.32
733.641	3567.99
734.215	3594.6
734.791	3572.99
735.368	3589.99
735.944	3577.32
736.52	3562.99
737.097	3586.35
737.673	3574.99
738.249	3553.65
738.823	3562.65
739.399	3582.32
739.975	3533.99
740.551	3559.32
741.127	3553.99
741.703	3544.32
742.279	3545.65
742.853	3544.32
743.429	3556.65
744.004	3488.32
744.58	3547.41
745.156	3432.99
745.729	3561.76
746.305	3506.41
746.881	3503.09
747.456	3513.99
748.032	3542.32
748.608	3540.32
749.181	3529.11
749.756	3502.32
750.332	3530.99
750.907	3529.03
751.48	3544.75
752.056	3534.32
752.631	3484.32
753.206	3482.99
753.781	3462.99
754.355	3514.32
754.93	3513.32
755.505	3508.32
756.08	3513.06
756.653	3504.99
757.228	3501.99
757.803	3495.99
758.378	3502.99
758.95	3515.32
759.525	3524.64
760.1	3535.99
760.673	3535.46
761.248	3504.32
761.822	3500.65
762.397	3516.95
762.969	3517.65
763.544	3515.65
764.119	3522.99
764.691	3522.2
765.266	3516.65
765.84	3503.99
766.414	3519.96
766.987	3517.65
767.561	3545.19
768.135	3518.32
768.708	3497.53
769.282	3516.8
769.856	3505.39
770.428	3475.65
771.002	3476.99
771.576	3528.65
772.148	3493.65
772.722	3493.65
773.294	3476.99
773.868	3500.65
774.442	3516.99
775.014	3516.32
775.588	3487.77
776.162	3473.32
776.733	3499.99
777.307	3471.32
777.879	3487.65
778.453	3491.99
779.026	3473.99
779.598	3485.58
780.171	3481.11
780.743	3466.32
781.316	3469.73
781.89	3452.99
782.461	3436.65
783.034	3425.27
783.606	3403.65
784.179	3389.65
784.752	3402.32
785.323	3415.32
785.897	3397.65
786.468	3382.65
787.041	3383.99
787.612	3373.99
788.185	3375.79
788.756	3384.81
789.329	3410.34
789.902	3357.99
790.473	3348.99
791.046	3356.38
791.617	3377.65
792.189	3363.65
792.76	3342.99
793.333	3385.86
793.904	3340.32
794.476	3348.99
795.047	3365.71
795.619	3349.51
796.19	3315.65
796.763	3338.99
797.333	3309.99
797.905	3300.65
798.476	3312.99
799.048	3306.05
799.618	3240.65
800.189	3277.47
800.761	3298.99
801.331	3267.32
801.904	3257.32
802.474	3234.99
803.046	3259.65
803.616	3272.32
804.188	3210.99
804.758	3269.45
805.33	3251.71
805.9	3231.32
806.47	3171.65
807.042	3192.99
807.611	3207.08
808.183	3185.99
808.753	3160.32
809.323	3153.99
809.894	3129.99
810.464	3160.65
811.036	3143.67
811.605	3165.23
812.175	3150.65
812.746	3152.65
813.316	3118.32
813.887	3096.32
814.457	3083.99
815.026	3118.65
815.597	3067.32
816.167	3059.65
816.736	3065.99
817.307	3086.74
817.876	3047.65
818.446	3037.32
819.017	3015.32
819.586	3010.99
820.157	3000.32
820.726	3006.25
821.295	3014.59
821.864	2979.32
822.435	2992.54
823.004	2966.99
823.572	2946.99
824.143	2937.99
824.712	2930.99
825.281	2911.32
825.852	2939.81
826.42	2914.08
826.989	2898.46
827.559	2884.65
828.128	2900.48
828.696	2893.32
829.265	2884.99
829.836	2886.87
830.404	2862.95
830.972	2860.88
831.541	2842.33
832.111	2822.68
832.679	2829.32
833.247	2831.65
833.816	2809.83
834.386	2814.86
834.954	2778.32
835.522	2763.32
836.09	2766.21
836.66	2760.99
837.228	2737.32
837.796	2702.99
838.364	2723.49
838.932	2710.99
839.502	2718.32
840.07	2720.51
840.638	2695.32
841.205	2673.32
841.773	2654.99
842.343	2674.04
842.91	2669.58
843.478	2639.32
844.045	2662.41
844.613	2628.99
845.183	2613.65
845.75	2593.99
846.318	2609.23
846.885	2614.5
847.452	2600.99
848.02	2598.99
848.589	2595.99
849.156	2559.65
849.723	2573.65
850.291	2565.99
850.858	2568.64
851.425	2512.32
851.992	2539.65
852.559	2518.99
853.128	2554.32
853.695	2528.99
854.262	2493.32
854.829	2516.99
855.396	2484.65
855.963	2515.11
856.529	2467.99
857.096	2467.99
857.663	2481.99
858.23	2458.65
858.798	2465.32
859.365	2490.42
859.932	2459.99
860.498	2450.99
861.065	2427.99
861.631	2447.32
862.198	2418.65
862.764	2423.32
863.33	2437.32
863.897	2426.32
864.463	2408.99
865.029	2424.32
865.596	2417.22
866.162	2384.32
866.728	2404.32
867.294	2372.65
867.86	2350.32
868.426	2363.65
868.992	2350.99
869.558	2375.07
870.124	2341.24
870.69	2350.99
871.256	2331.99
871.822	2328.33
872.388	2311.65
872.954	2343.01
873.519	2311.32
874.085	2294.32
874.651	2295.32
875.216	2313.65
875.782	2306.65
876.348	2293.99
876.913	2296.65
877.479	2291.99
878.044	2253.99
878.61	2286.65
879.175	2295.24
879.74	2274.4
880.306	2271.65
880.871	2257.99
881.436	2249.99
882	2265.57
882.565	2251.32
883.13	2255.32
883.695	2249.32
884.26	2221.65
884.825	2243.32
885.39	2249.85
885.955	2227.65
886.52	2205.65
887.085	2232.32
887.648	2221.65
888.213	2211.99
888.778	2223.32
889.342	2206.32
889.907	2187.99
890.472	2196.32
891.037	2202.42
891.601	2181.43
892.164	2213.27
892.728	2209.65
893.293	2162.54
893.858	2192.38
894.422	2186.32
894.986	2177.32
895.549	2203.99
896.113	2196.32
896.678	2165.65
897.242	2188.57
897.806	2200.32
898.368	2159.32
898.932	2204.97
899.497	2177.65
900.061	2177.99
900.625	2175.65
901.187	2164.32
901.751	2171.65
902.315	2152.99
902.879	2178.99
903.443	2133.99
904.005	2150.65
904.569	2160.65
905.132	2179.97
905.696	2165.65
906.258	2163.32
906.822	2164.99
907.385	2163.32
907.949	2158.65
908.51	2138.65
909.074	2185.99
909.638	2155.65
910.201	2142.99
910.763	2154.65
911.326	2140.19
911.889	2168.3
912.451	2182.32
913.014	2168.99
913.577	2179.99
914.141	2181.99
914.702	2169.37
915.265	2158.89
915.828	2170.78
916.389	2202.43
916.953	2179.73
917.516	2168.99
918.077	2193.65
918.64	2172.32
919.203	2171.71
919.763	2165.65
920.326	2210.68
920.889	2151.65
921.45	2176.99
922.013	2192.32
922.576	2177.99
923.136	2191.32
923.699	2207.65
924.259	2201.65
924.822	2218.32
925.385	2203.32
925.945	2210.99
926.508	2219.65
927.07	2229.74
927.631	2243.37
928.193	2259.62
928.753	2232.18
929.316	2291.74
929.878	2258.26
930.438	2270.59
931	2274.15
931.561	2270.4
932.123	2300.64
932.683	2286.03
933.245	2244.32
933.807	2281.32
934.367	2268.65
934.929	2244.99
935.489	2265.08
936.051	2281.65
936.611	2291.62
937.173	2254.45
937.732	2263.71
938.294	2266.65
938.854	2277.32
939.416	2266.52
939.977	2284.32
940.537	2249.32
941.099	2238.65
941.658	2283.32
942.22	2282.87
942.779	2304.68
943.341	2302.65
943.9	2305.99
944.462	2303.99
945.021	2290.65
945.58	2322.33
946.142	2305.32
946.701	2310.21
947.262	2309.18
947.821	2318.48
948.382	2305.99
948.942	2305.32
949.503	2315.65
950.062	2267.65
950.623	2273.99
951.182	2314.22
951.741	2310.49
952.302	2312.8
952.86	2278.99
953.421	2302.65
953.98	2298.32
954.541	2247.32
955.1	2298.16
955.658	2292.65
956.219	2288.32
956.778	2297.65
957.338	2307.99
957.897	2282.65
958.455	2283.65
959.016	2281.97
959.574	2284.65
960.135	2297.99
960.693	2279.65
961.252	2280.99
961.812	2285.32
962.37	2266.65
962.929	2227.65
963.489	2279.99
964.047	2285.65
964.605	2279.65
965.165	2305.65
965.723	2271.99
966.281	2294.99
966.842	2286.99
967.4	2290.65
967.957	2332.99
968.517	2279.65
969.075	2297.99
969.633	2283.99
970.193	2310.32
970.751	2331.99
971.309	2316.65
971.868	2329.99
972.426	2341.99
972.984	2322.65
973.541	2332.99
974.101	2344.65
974.658	2345.65
975.216	2365.65
975.775	2347.99
976.333	2390.32
976.89	2400.99
977.448	2400.32
978.007	2414.99
978.564	2403.32
979.122	2422.32
979.679	2383.99
980.236	2419.32
980.795	2444.99
981.352	2445.32
981.91	2462.65
982.467	2447.99
983.026	2473.51
983.583	2480.44
984.14	2452.32
984.697	2463.32
985.253	2459.65
985.812	2474.99
986.369	2471.32
986.926	2504.67
987.483	2509.04
988.039	2491.14
988.596	2486.32
989.155	2487.1
989.712	2477.94
990.268	2480.66
990.825	2480.53
991.381	2500.99
991.938	2491.65
992.496	2459.65
993.053	2465.32
993.609	2459.32
994.165	2467.99
994.722	2451.32
995.278	2483.82
995.834	2448.65
996.391	2479.65
996.949	2454.32
997.505	2438.32
998.061	2434.65
998.617	2451.32
999.173	2439.14
999.729	2458.32
1000.29	2465.89
1000.84	2442.32
1001.4	2430.99
1001.95	2437.65
1002.51	2408.65
1003.07	2430.32
1003.62	2451.32
1004.18	2449.65
1004.73	2461.99
1005.29	2426.99
1005.85	2424.65
1006.4	2421.65
1006.96	2398.65
1007.51	2447.65
1008.07	2454.99
1008.62	2397.65
1009.18	2456.65
1009.73	2461.32
1010.29	2474.86
1010.84	2432.99
1011.4	2463.32
1011.96	2452.32
1012.51	2424.32
1013.07	2484.34
1013.62	2453.99
1014.18	2492.99
1014.73	2497.65
1015.29	2480.32
1015.84	2505.32
1016.4	2475.65
1016.95	2515.99
1017.51	2538.32
1018.06	2535.29
1018.62	2547.2
1019.17	2517.32
1019.73	2529.32
1020.28	2555.99
1020.84	2520.65
1021.39	2569.32
1021.94	2560.99
1022.5	2582.99
1023.05	2574.99
1023.61	2590.32
1024.16	2594.32
1024.72	2606.37
1025.27	2624.65
1025.82	2635.84
1026.38	2611.99
1026.93	2647.99
1027.49	2621.32
1028.04	2622.65
1028.59	2662.99
1029.15	2667.99
1029.7	2675.65
1030.26	2654.99
1030.81	2679.32
1031.36	2692.01
1031.92	2707.94
1032.47	2710.99
1033.03	2702.99
1033.58	2717.55
1034.13	2713.99
1034.69	2734.65
1035.24	2744.65
1035.79	2738.32
1036.35	2797.65
1036.9	2798.32
1037.45	2813.04
1038.01	2784.32
1038.56	2807.99
1039.11	2854.99
1039.67	2838.99
1040.22	2858.99
1040.77	2851.99
1041.33	2860.65
1041.88	2876.99
1042.43	2903.32
1042.99	2903.41
1043.54	2931.99
1044.09	2897.99
1044.64	2931.99
1045.2	2937.32
1045.75	2914.99
1046.3	2935.99
1046.85	2954.65
1047.41	2932.65
1047.96	2955.32
1048.51	2979.65
1049.06	2930.32
1049.62	2987.32
1050.17	3017.81
1050.72	3021.32
1051.27	3044.7
1051.83	3008.65
1052.38	3027.32
1052.93	3084.99
1053.48	3068.99
1054.03	3130.65
1054.59	3126.99
1055.14	3128.65
1055.69	3132.65
1056.24	3164.3
1056.8	3154.99
1057.35	3176.99
1057.9	3169.32
1058.45	3207.32
1059	3221.32
1059.55	3203.65
1060.11	3256.99
1060.66	3262.99
1061.21	3222.99
1061.76	3290.99
1062.31	3277.08
1062.86	3304.78
1063.42	3320.66
1063.97	3292.99
1064.52	3332.99
1065.07	3379.06
1065.62	3371.32
1066.17	3378.99
1066.72	3428.32
1067.27	3388.32
1067.82	3395.32
1068.38	3427.32
1068.93	3452.99
1069.48	3474.81
1070.03	3480.69
1070.58	3490.65
1071.13	3499.32
1071.68	3493.26
1072.23	3548.99
1072.78	3521.65
1073.33	3558.65
1073.88	3549.32
1074.43	3601.99
1074.99	3597.65
1075.53	3611.65
1076.09	3592.99
1076.64	3634.99
1077.19	3678.25
1077.74	3674.99
1078.29	3672.04
1078.84	3689.99
1079.39	3740.5
1079.94	3727.32
1080.49	3704.65
1081.04	3740.04
1081.59	3793.61
1082.14	3760.12
1082.69	3764.99
1083.24	3784.65
1083.79	3797.65
1084.34	3767.65
1084.89	3818.99
1085.44	3812.99
1085.99	3828.43
1086.54	3836.59
1087.09	3843.65
1087.64	3830.65
1088.18	3833.32
1088.74	3851.99
1089.28	3835.32
1089.83	3867.99
1090.38	3848.32
1090.93	3857.45
1091.48	3856.65
1092.03	3885.89
1092.58	3854.91
1093.13	3881.27
1093.68	3877.5
1094.23	3877.7
1094.78	3837.32
1095.33	3867.37
1095.87	3863.03
1096.42	3836.99
1096.97	3812.99
1097.52	3812.99
1098.07	3776.32
1098.62	3815.99
1099.17	3795.65
1099.72	3788.32
1100.26	3809.99
1100.81	3773.99
1101.36	3765.65
1101.91	3784.32
1102.46	3824.63
1103.01	3780.31
1103.56	3760.26
1104.1	3756.98
1104.65	3738.44
1105.2	3745.65
1105.75	3716.99
1106.3	3711.65
1106.85	3638.99
1107.39	3667.35
1107.94	3649.23
1108.49	3642.65
1109.04	3626.32
1109.58	3633.99
1110.13	3636.32
1110.68	3581.65
1111.23	3581.32
1111.78	3573
1112.32	3548.18
1112.87	3536.32
1113.42	3546.54
1113.97	3493.99
1114.51	3526.89
1115.06	3449.99
1115.61	3466.65
1116.16	3419.65
1116.7	3452.32
1117.25	3427.99
1117.8	3393.32
1118.35	3375.32
1118.89	3376.8
1119.44	3351.99
1119.99	3335.32
1120.54	3301.32
1121.08	3272.32
1121.63	3287.32
1122.18	3226.32
1122.72	3242.99
1123.27	3235.79
1123.82	3231
1124.36	3159.62
1124.91	3179.32
1125.46	3140.99
1126	3171.17
1126.55	3140.15
1127.1	3079.99
1127.64	3104.65
1128.19	3098.92
1128.74	3083.65
1129.28	3019.99
1129.83	3041.32
1130.37	3014.99
1130.92	2988.65
1131.47	2973.99
1132.01	2996.15
1132.56	2957.99
1133.11	2957.65
1133.65	2919.32
1134.2	2868.99
1134.74	2870.99
1135.29	2916.65
1135.84	2906.32
1136.38	2860.32
1136.93	2853.99
1137.47	2823.65
1138.02	2840.02
1138.57	2814.08
1139.11	2826.65
1139.66	2762.99
1140.2	2792.65
1140.75	2787.81
1141.29	2749.65
1141.84	2755.65
1142.39	2709.32
1142.93	2738.32
1143.48	2739.73
1144.02	2710.32
1144.57	2714.24
1145.11	2667.32
1145.66	2646.68
1146.2	2638.79
1146.75	2591.97
1147.29	2567.65
1147.84	2576.99
1148.38	2568.69
1148.93	2537.99
1149.47	2545.99
1150.02	2543.99
1150.56	2518.99
1151.11	2523.99
1151.65	2474.99
1152.19	2520.99
1152.74	2502.86
1153.28	2497.21
1153.83	2491.35
1154.37	2420.32
1154.92	2474.09
1155.46	2473.52
1156.01	2431.99
1156.55	2407.99
1157.1	2415.65
1157.64	2382.65
1158.18	2413.2
1158.73	2382.9
1159.27	2387.55
1159.82	2382.65
1160.36	2337.99
1160.91	2327.99
1161.45	2347.97
1161.99	2345.65
1162.54	2333.65
1163.08	2294.37
1163.62	2303.65
1164.17	2268.99
1164.71	2262.99
1165.26	2268.65
1165.8	2272.32
1166.34	2253.65
1166.89	2248.38
1167.43	2191.99
1167.97	2215.65
1168.52	2211.32
1169.06	2217.32
1169.6	2191.65
1170.15	2182.99
1170.69	2158.99
1171.23	2169.26
1171.78	2172.91
1172.32	2157.61
1172.86	2158.52
1173.41	2128.6
1173.95	2111.73
1174.49	2090.41
1175.04	2129.15
1175.58	2120.41
1176.12	2107.41
1176.66	2098.12
1177.21	2077.06
1177.75	2085.66
1178.29	2095.28
1178.84	2062.3
1179.38	2073.85
1179.92	2060.57
1180.46	2059.22
1181.01	2040.94
1181.55	2047.88
1182.09	2019.8
1182.63	2026.61
1183.18	2001.24
1183.72	2019.14
1184.26	1997.13
1184.8	1996.87
1185.35	2004.51
1185.89	1963.95
1186.43	1985.62
1186.97	1945.2
1187.51	1960.36
1188.05	1969.01
1188.6	1955.33
1189.14	1940.35
1189.68	1942.4
1190.22	1921.55
1190.76	1906.29
1191.31	1920.3
1191.85	1873.83
1192.39	1933.04
1192.93	1911.07
1193.47	1901.87
1194.01	1896.71
1194.56	1877.27
1195.1	1890.55
1195.64	1871.48
1196.18	1868.67
1196.72	1845.01
1197.26	1842.61
1197.8	1837.77
1198.35	1851.7
1198.89	1816.98
1199.43	1829.84
1199.97	1832.34
1200.51	1809.18
1201.05	1804.16
1201.59	1793.13
1202.13	1807.76
1202.67	1788.83
1203.21	1794.92
1203.75	1778.8
1204.3	1768.55
1204.84	1765.38
1205.38	1757.78
1205.92	1767.45
1206.46	1767.38
1207	1762.92
1207.54	1746.37
1208.08	1752.52
1208.62	1715.67
1209.16	1753.88
1209.7	1723.71
1210.24	1721.58
1210.78	1722.13
1211.32	1714.63
1211.86	1727.99
1212.4	1701.02
1212.94	1694.53
1213.48	1702.64
1214.02	1694.35
1214.56	1698.54
1215.1	1689.95
1215.64	1681.16
1216.18	1688.66
1216.72	1669.79
1217.26	1676.28
1217.8	1674.59
1218.34	1631.89
1218.88	1637.36
1219.42	1652.25
1219.96	1635.63
1220.5	1630.42
1221.04	1647.18
1221.58	1657.01
1222.12	1617.43
1222.66	1616.25
1223.2	1635.96
1223.74	1639.03
1224.27	1612.35
1224.82	1609.22
1225.35	1631.01
1225.79	1615.47
1226.33	1621.11
1226.88	1621.03
1227.42	1594.47
1227.96	1575.34
1228.5	1549.8
1229.05	1557.13
1229.59	1549.8
1230.13	1573.85
1230.67	1553.8
1231.22	1524.13
1231.76	1539.13
1232.3	1555.13
1232.84	1547.05
1233.39	1545.13
1233.93	1556.8
1234.47	1560.13
1235.01	1576.8
1235.55	1577.43
1236.1	1549.8
1236.64	1570.8
1237.18	1578.55
1237.72	1587.13
1238.26	1579.21
1238.81	1590.43
1239.35	1577.51
1239.89	1557.8
1240.43	1568.2
1240.97	1586.13
1241.51	1573.43
1242.06	1556.13
1242.6	1588.13
1243.14	1594.47
1243.68	1597.8
1244.22	1575.47
1244.76	1608.72
1245.3	1594.93
1245.85	1606.16
1246.39	1586.8
1246.93	1590.03
1247.47	1583.04
1248.01	1586.8
1248.55	1597.8
1249.09	1588.69
1249.63	1597.51
1250.17	1600.31
1250.72	1585.47
1251.26	1596.13
1251.8	1575.67
1252.34	1575.47
1252.88	1573.47
1253.42	1588.48
1253.96	1579.47
1254.5	1582.13
1255.04	1571.6
1255.58	1590.13
1256.12	1568.47
1256.66	1565.13
1257.2	1600.61
1257.74	1521.67
1258.28	1591.03
1258.82	1552.13
1259.36	1590.42
1259.91	1593.1
1260.45	1615.65
1260.99	1591.8
1261.53	1597.8
1262.07	1582.8
1262.61	1554.13
1263.15	1605.35
1263.69	1599.8
1264.23	1593.2
1264.77	1583.02
1265.31	1565.47
1265.85	1586.47
1266.39	1588.47
1266.93	1588.47
1267.47	1540.13
1268	1582.47
1268.54	1570.28
1269.08	1560.8
1269.62	1564.13
1270.16	1582.8
1270.7	1562.8
1271.24	1582.61
1271.78	1585.89
1272.32	1589.4
1272.86	1582.34
1273.4	1581.09
1273.94	1581.47
1274.48	1565.8
1275.02	1609.21
1275.56	1581.26
1276.1	1609.03
1276.63	1584.8
1277.17	1581.65
1277.71	1585.47
1278.25	1593.8
1278.79	1595.22
1279.33	1582.62
1279.87	1591.47
1280.41	1587.47
1280.95	1622.75
1281.48	1591.13
1282.02	1606.31
1282.56	1610.47
1283.1	1608.13
1283.64	1602.07
1284.18	1607.8
1284.71	1588.13
1285.25	1627.17
1285.79	1615.2
1286.33	1618.63
1286.87	1624.43
1287.41	1602.8
1287.94	1609.47
1288.48	1587.47
1289.02	1634.28
1289.56	1577.66
1290.1	1632.61
1290.64	1632.42
1291.17	1621.8
1291.71	1605.8
1292.25	1619.47
1292.79	1615.8
1293.32	1588.13
1293.86	1564.13
1294.4	1626.89
1294.94	1599.47
1295.48	1579.13
1296.01	1593.8
1296.55	1726.19
1297.09	1694.14
1297.63	1685.47
1298.16	1681.67
1298.7	1700.76
1299.24	1700.15
1299.77	1732.84
1300.31	1695.82
1300.85	1699.66
1301.39	1676.47
1301.92	1617.13
1302.46	1594.13
1303	1628.47
1303.54	1636.57
1304.07	1612.9
1304.61	1589.8
1305.15	1615.56
1305.68	1621.47
1306.22	1603.21
1306.76	1610.8
1307.29	1604.8
1307.83	1606.13
1308.37	1598.13
1308.9	1595.8
1309.44	1590.47
1309.98	1587.8
1310.51	1565.8
1311.05	1588.47
1311.59	1563.5
1312.12	1579.71
1312.66	1594.33
1313.2	1575.13
1313.73	1561.8
1314.27	1595.6
1314.8	1573.13
1315.34	1583.41
1315.88	1560.16
1316.41	1577.66
1316.95	1557.13
1317.48	1568.13
1318.02	1568.8
1318.56	1561.47
1319.09	1535.96
1319.63	1530.13
1320.16	1562.27
1320.7	1542.13
1321.24	1550.47
1321.77	1537.8
1322.31	1552.8
1322.84	1545.49
1323.38	1561.4
1323.91	1544.8
1324.45	1541.13
1324.99	1556.69
1325.52	1522.8
1326.05	1554.59
1326.59	1528.47
1327.13	1532.95
1327.66	1502.93
1328.2	1524.47
1328.73	1526.8
1329.27	1517.13
1329.8	1532.45
1330.34	1511.89
1330.87	1544.58
1331.41	1509.13
1331.94	1511.8
1332.48	1532.47
1333.01	1540.72
1333.55	1525.29
1334.08	1521.16
1334.62	1524.8
1335.15	1512.47
1335.69	1515.47
1336.22	1512.47
1336.75	1518.8
1337.29	1501.13
1337.82	1510.13
1338.36	1539.32
1338.89	1509.75
1339.43	1514.13
1339.96	1494.91
1340.5	1508.1
1341.03	1493.8
1341.57	1493.47
1342.1	1473.47
1342.63	1494.44
1343.17	1496.1
1343.7	1487.47
1344.24	1478.13
1344.77	1489.47
1345.3	1468.71
1345.84	1442.47
1346.37	1485.39
1346.91	1435.8
1347.44	1509.99
1347.97	1480.77
1348.51	1474.8
1349.04	1451.47
1349.57	1452.8
1350.11	1453.8
1350.64	1460.47
1351.18	1471.13
1351.71	1428.8
1352.24	1455.58
1352.77	1461.08
1353.31	1439.13
1353.84	1467.32
1354.37	1457.13
1354.91	1417.47
1355.44	1426.8
1355.98	1443.55
1356.51	1396.13
1357.04	1422.47
1357.58	1440.57
1358.11	1430.63
1358.64	1412.8
1359.17	1422.27
1359.71	1430.44
1360.24	1403.13
1360.77	1427.14
1361.3	1406.13
1361.84	1424.47
1362.37	1410.13
1362.9	1404.47
1363.44	1390.8
1363.97	1415.54
1364.5	1402.13
1365.03	1400.47
1365.57	1375.13
1366.1	1404.13
1366.63	1387.47
1367.16	1391.13
1367.7	1395.47
1368.23	1401.47
1368.76	1396.13
1369.29	1379.8
1369.82	1370.13
1370.36	1401.13
1370.89	1372.8
1371.42	1389.13
1371.95	1365.13
1372.48	1345.13
1373.02	1374.13
1373.55	1364.8
1374.08	1382.8
1374.61	1372.13
1375.14	1383.13
1375.67	1344.57
1376.21	1370.47
1376.74	1344.8
1377.27	1340.47
1377.8	1361.8
1378.33	1343.56
1378.87	1359.81
1379.4	1360.8
1379.93	1354.47
1380.46	1345.47
1380.99	1352.13
1381.52	1350.13
1382.05	1323.47
1382.58	1346.8
1383.12	1316.47
1383.65	1364.23
1384.18	1359.86
1384.71	1339.08
1385.24	1326.01
1385.77	1332.47
1386.3	1310.13
1386.83	1317.13
1387.36	1331.3
1387.89	1317.47
1388.43	1313.47
1388.96	1313.08
1389.49	1316.13
1390.02	1333.8
1390.55	1310.13
1391.08	1278.8
1391.61	1322.47
1392.14	1295.16
1392.67	1318.49
1393.2	1318.27
1393.73	1302.06
1394.26	1313.43
1394.79	1285.13
1395.32	1315.08
1395.85	1316.25
1396.38	1292.83
1396.91	1309.13
1397.44	1291.8
1397.97	1303.47
1398.5	1287.76
1399.03	1279.13
1399.56	1300.8
1400.09	1296.47
1400.62	1277.47
1401.15	1287.13
1401.68	1293.69
1402.21	1285.1
1402.74	1310.27
1403.27	1306.26
1403.8	1256.47
1404.33	1273.13
1404.86	1288.47
1405.39	1288.45
1405.92	1265.13
1406.45	1269.47
1406.98	1266.13
1407.51	1274.13
1408.04	1283.8
1408.57	1260.13
1409.1	1272.13
1409.62	1263.13
1410.15	1282.8
1410.68	1315.42
1411.21	1291.21
1411.74	1280.82
1412.27	1278.8
1412.8	1281.97
1413.33	1304.27
1413.86	1292.47
1414.39	1271.8
1414.92	1273.8
1415.44	1263.47
1415.97	1265.8
1416.5	1277.8
1417.03	1272.13
1417.56	1282.49
1418.09	1264.47
1418.62	1279.13
1419.14	1278.8
1419.67	1283.47
1420.2	1271.8
1420.73	1264.13
1421.26	1273.47
1421.79	1283.35
1422.31	1278.47
1422.84	1260.47
1423.37	1253.47
1423.9	1287.47
1424.43	1244.47
1424.96	1273.47
1425.48	1265.8
1426.01	1291.13
1426.54	1269.8
1427.07	1296.47
1427.59	1270.13
1428.12	1300.12
1428.65	1281.13
1429.18	1275.13
1429.71	1284.8
1430.23	1248.8
1430.76	1270.13
1431.29	1286.13
1431.82	1275.47
1432.34	1287.47
1432.87	1296.8
1433.4	1276.13
1433.93	1283.47
1434.45	1278.98
1434.98	1293.8
1435.51	1318.76
1436.04	1288.17
1436.56	1288
1437.09	1310.26
1437.62	1314.93
1438.14	1292.47
1438.67	1315.85
1439.2	1286.47
1439.73	1294.09
1440.25	1274.59
1440.78	1301.54
1441.31	1309
1441.83	1288.34
1442.36	1287.7
1442.89	1302.47
1443.41	1280.8
1443.94	1284.37
1444.47	1303.8
1444.99	1286.47
1445.52	1284.47
1446.05	1307.68
1446.57	1295.17
1447.1	1292.15
1447.63	1277.61
1448.15	1245.8
1448.68	1281.8
1449.21	1258.8
1449.73	1285.83
1450.26	1286.88
1450.78	1285.47
1451.31	1268.13
1451.84	1289.8
1452.36	1281.47
1452.89	1283.47
1453.42	1283.8
1453.94	1283.13
1454.47	1295.8
1454.99	1266.47
1455.52	1263.8
1456.04	1270.47
1456.57	1266.13
1457.1	1264.13
1457.62	1277.47
1458.15	1257.06
1458.67	1277.66
1459.2	1275.71
1459.72	1264.13
1460.25	1247.13
1460.77	1273.47
1461.3	1256.54
1461.83	1265.94
1462.35	1268.47
1462.88	1260.13
1463.4	1253.13
1463.93	1228.47
1464.45	1239.47
1464.98	1264.8
1465.5	1257.47
1466.03	1290.55
1466.55	1282.22
1467.08	1268.47
1467.6	1250.47
1468.13	1230.47
1468.65	1257.8
1469.18	1242.47
1469.7	1247.13
1470.23	1282.95
1470.75	1229.13
1471.28	1244.75
1471.8	1240.47
1472.32	1249.8
1472.85	1250.8
1473.37	1254.13
1473.9	1234.47
1474.42	1255.58
1474.95	1234.47
1475.47	1226.13
1475.99	1231.8
1476.52	1242.8
1477.04	1253.2
1477.57	1261.93
1478.09	1217.72
1478.62	1252.85
1479.14	1236.47
1479.66	1242.47
1480.19	1260.13
1480.71	1250.57
1481.24	1256.85
1481.76	1248.38
1482.28	1256.47
1482.81	1239.8
1483.33	1252.13
1483.86	1220.47
1484.38	1241.13
1484.9	1245.13
1485.43	1236.8
1485.95	1257.14
1486.47	1260.76
1487	1241.8
1487.52	1254.98
1488.04	1239.47
1488.57	1231.13
1489.09	1231.8
1489.61	1216.13
1490.14	1259.35
1490.66	1254.27
1491.18	1249.8
1491.71	1261.63
1492.23	1258.13
1492.75	1246.09
1493.28	1253.47
1493.8	1256.8
1494.32	1220.8
1494.85	1247.8
1495.37	1238.8
1495.89	1215.47
1496.41	1255
1496.94	1242.66
1497.46	1247.13
1497.98	1225.13
1498.51	1233.13
1499.03	1227.47
1499.55	1233.13
1500.07	1226.13
