2948
2100.1	3389.65
2100.59	3388.98
2101.08	3396.01
2101.56	3405.3
2102.05	3381.65
2102.53	3339.65
2103.02	3391.32
2103.5	3387.98
2103.99	3348.65
2104.47	3392.65
2104.96	3364.32
2105.44	3384.32
2105.93	3401.32
2106.41	3361.65
2106.9	3437.65
2107.38	3416.32
2107.87	3412.65
2108.35	3390.65
2108.84	3410.65
2109.32	3404.32
2109.81	3419.65
2110.29	3388.65
2110.78	3379.4
2111.26	3395.31
2111.75	3397.65
2112.23	3383.98
2112.72	3379.98
2113.2	3398.98
2113.68	3420.32
2114.17	3408.65
2114.65	3413.98
2115.14	3366.98
2115.62	3397.98
2116.11	3417.98
2116.59	3400.98
2117.07	3409.98
2117.56	3383.98
2118.04	3370.98
2118.53	3418.98
2119.01	3391.98
2119.5	3410.98
2119.98	3414.65
2120.46	3400.65
2120.95	3422.32
2121.43	3386.65
2121.92	3446.32
2122.4	3403.32
2122.88	3438.65
2123.37	3419.32
2123.85	3449.98
2124.34	3439.32
2124.82	3428.32
2125.3	3429.65
2125.79	3422.65
2126.27	3432.98
2126.75	3389.9
2127.24	3433.98
2127.72	3403.98
2128.2	3408.98
2128.69	3412.65
2129.17	3413.98
2129.65	3436.98
2130.14	3391.32
2130.62	3399.32
2131.1	3438.32
2131.59	3416.32
2132.07	3427.65
2132.55	3447.46
2133.04	3428.87
2133.52	3411.98
2134	3443.23
2134.49	3408.73
2134.97	3412.32
2135.45	3408.65
2135.93	3448.34
2136.42	3438.32
2136.9	3421.32
2137.38	3444.32
2137.87	3428.3
2138.35	3446.98
2138.83	3426.98
2139.31	3399.65
2139.8	3447.32
2140.28	3425.98
2140.76	3400.32
2141.25	3405.98
2141.73	3419.98
2142.21	3435.32
2142.69	3445.98
2143.17	3444.32
2143.66	3425.98
2144.14	3411.32
2144.62	3413.98
2145.1	3446.65
2145.59	3417.32
2146.07	3393.98
2146.55	3431.3
2147.03	3431.33
2147.51	3422.65
2148	3415.65
2148.48	3424.12
2148.96	3388.65
2149.44	3356.32
2149.92	3349.65
2150.41	3316.32
2150.89	3316.65
2151.37	3338.65
2151.85	3349.98
2152.33	3375.98
2152.82	3352.32
2153.3	3387.65
2153.78	3363.83
2154.26	3377.32
2154.74	3342.98
2155.22	3399.32
2155.71	3381.65
2156.19	3384.98
2156.67	3392.32
2157.15	3424.65
2157.63	3417.65
2158.11	3406.32
2158.59	3432.02
2159.07	3431.65
2159.56	3418.98
2160.04	3453.65
2160.52	3422.65
2161	3403.32
2161.48	3395.65
2161.96	3420.98
2162.44	3402.98
2162.92	3439.32
2163.4	3373.98
2163.89	3451.98
2164.37	3407.15
2164.85	3436.55
2165.33	3411.65
2165.81	3375.98
2166.29	3388.65
2166.77	3395.98
2167.25	3430.98
2167.73	3420.98
2168.21	3400.32
2168.69	3413.98
2169.18	3416.32
2169.66	3403.32
2170.14	3396.65
2170.62	3355.32
2171.1	3389.32
2171.58	3379.98
2172.06	3404.98
2172.54	3382.32
2173.02	3388.65
2173.5	3417.98
2173.98	3431.32
2174.46	3365.32
2174.94	3398.65
2175.42	3333.32
2175.9	3392.98
2176.38	3422.65
2176.86	3377.98
2177.34	3378.98
2177.82	3357.65
2178.3	3414.83
2178.78	3405.4
2179.26	3376.32
2179.74	3382.98
2180.22	3413.98
2180.7	3371.65
2181.18	3384.98
2181.66	3392.32
2182.14	3395.32
2182.62	3401.54
2183.1	3370.98
2183.58	3359.32
2184.06	3359.98
2184.53	3397.98
2185.01	3361.32
2185.49	3338.65
2185.97	3379.65
2186.45	3347.98
2186.93	3349.98
2187.41	3360.65
2187.89	3347.32
2188.37	3367.65
2188.85	3386.65
2189.33	3368.98
2189.81	3379.65
2190.29	3394.32
2190.77	3369.35
2191.24	3353.36
2191.72	3400.75
2192.2	3333.65
2192.68	3334.98
2193.16	3369.32
2193.64	3360.56
2194.12	3339.32
2194.6	3346.32
2195.07	3344.32
2195.55	3356.32
2196.03	3338.98
2196.51	3342.98
2196.99	3346.32
2197.47	3356.65
2197.95	3346.45
2198.42	3343.44
2198.9	3366.8
2199.38	3378.71
2199.86	3352.91
2200.34	3360.4
2200.82	3345.32
2201.29	3303.65
2201.77	3329.98
2202.25	3336.65
2202.73	3343.02
2203.21	3355.18
2203.69	3317.32
2204.16	3335.98
2204.64	3345.65
2205.12	3329.32
2205.6	3279.32
2206.08	3269.65
2206.55	3288.32
2207.03	3330.87
2207.51	3331.65
2207.99	3322.86
2208.47	3305.78
2208.94	3313.26
2209.42	3317.98
2209.9	3326.98
2210.38	3295.98
2210.85	3322.98
2211.33	3283.65
2211.81	3278.32
2212.29	3307.32
2212.76	3283.32
2213.24	3278.07
2213.72	3297.32
2214.2	3290.65
2214.67	3273.65
2215.15	3284.32
2215.63	3268.32
2216.11	3294.12
2216.58	3295.18
2217.06	3302.32
2217.54	3283.98
2218.01	3314.32
2218.49	3275.65
2218.97	3275.32
2219.44	3235.32
2219.92	3286.65
2220.4	3310.32
2220.87	3298.06
2221.35	3272.99
2221.83	3238.98
2222.31	3243.65
2222.78	3260.65
2223.26	3223.98
2223.74	3253.65
2224.21	3269.65
2224.69	3241.65
2225.17	3248.32
2225.64	3289.36
2226.12	3254.45
2226.6	3281.36
2227.07	3246.32
2227.55	3248.65
2228.02	3263.69
2228.5	3211.98
2228.98	3244.98
2229.45	3257.98
2229.93	3208.32
2230.41	3265.21
2230.88	3214.65
2231.36	3221.65
2231.84	3205.98
2232.31	3217.98
2232.79	3233.65
2233.26	3203.98
2233.74	3244.32
2234.21	3209.98
2234.69	3242.32
2235.17	3213.15
2235.64	3200.32
2236.12	3222.65
2236.59	3223.32
2237.07	3250.95
2237.55	3204.65
2238.02	3212.32
2238.5	3208.65
2238.97	3194.65
2239.45	3225.5
2239.92	3219.32
2240.4	3211.32
2240.87	3225.65
2241.35	3222.98
2241.83	3205.98
2242.3	3169.32
2242.78	3157.98
2243.25	3171.32
2243.73	3215.65
2244.2	3204.37
2244.68	3200.65
2245.15	3209.32
2245.63	3217.65
2246.1	3188.98
2246.58	3209.98
2247.05	3201.65
2247.53	3180.65
2248	3200.32
2248.48	3173.98
2248.95	3195.98
2249.43	3188.08
2249.9	3188.32
2250.38	3195.32
2250.85	3169.32
2251.33	3179.32
2251.8	3171.32
2252.28	3198.65
2252.75	3199.32
2253.23	3189.32
2253.7	3164.65
2254.17	3174.98
2254.65	3184.98
2255.12	3181.65
2255.6	3179.81
2256.07	3151.65
2256.55	3160.65
2257.02	3156.65
2257.49	3154.32
2257.97	3158.65
2258.44	3144.32
2258.92	3163.32
2259.39	3174.98
2259.87	3142.98
2260.34	3164.65
2260.81	3190.98
2261.29	3138.98
2261.76	3171.32
2262.24	3181.32
2262.71	3149.65
2263.18	3171.32
2263.66	3133.98
2264.13	3164.32
2264.61	3162.32
2265.08	3165.32
2265.55	3162.65
2266.03	3186.65
2266.5	3160.65
2266.97	3137.98
2267.45	3138.98
2267.92	3176.65
2268.39	3140.32
2268.87	3100.65
2269.34	3159.65
2269.81	3151.98
2270.29	3155.32
2270.76	3140.93
2271.24	3202.98
2271.71	3183.65
2272.18	3107.98
2272.65	3130.65
2273.13	3129.32
2273.6	3169.65
2274.07	3173.07
2274.55	3185.05
2275.02	3151.9
2275.49	3170.41
2275.97	3161.32
2276.44	3160.59
2276.91	3139.26
2277.39	3155.7
2277.86	3130.65
2278.33	3129.32
2278.8	3108.32
2279.28	3132.32
2279.75	3125.65
2280.22	3162.74
2280.7	3127.77
2281.17	3128.32
2281.64	3112.98
2282.11	3135.65
2282.58	3152.98
2283.06	3116.98
2283.53	3156.98
2284	3135.65
2284.47	3162.65
2284.95	3157.98
2285.42	3113.65
2285.89	3123.32
2286.36	3108.98
2286.83	3152.32
2287.31	3153.32
2287.78	3176.25
2288.25	3153.99
2288.72	3161.84
2289.2	3150.98
2289.67	3131.32
2290.14	3162.32
2290.61	3132.32
2291.08	3128.32
2291.56	3162.1
2292.03	3140.89
2292.5	3174.71
2292.97	3139.65
2293.44	3166.32
2293.92	3127.65
2294.39	3132.32
2294.86	3141.16
2295.33	3121.98
2295.8	3113.65
2296.27	3130.32
2296.74	3114.98
2297.21	3135.32
2297.69	3109.98
2298.16	3127.98
2298.63	3119.32
2299.1	3115.98
2299.57	3106.98
2300.04	3128.65
2300.51	3112.32
2300.99	3147.32
2301.46	3117.7
2301.93	3115.5
2302.4	3129.32
2302.87	3141.65
2303.34	3148.32
2303.81	3139.65
2304.28	3163.84
2304.75	3116.65
2305.23	3119.98
2305.7	3132.98
2306.17	3132.65
2306.64	3152.98
2307.11	3136.78
2307.58	3113.73
2308.05	3162.5
2308.52	3108.32
2308.99	3170.21
2309.46	3134.32
2309.93	3126.98
2310.4	3164.98
2310.87	3144.98
2311.34	3086.98
2311.81	3110.65
2312.29	3111.65
2312.76	3171.65
2313.22	3140.32
2313.7	3145.77
2314.17	3097.98
2314.64	3179.3
2315.11	3131.93
2315.58	3172.28
2316.05	3149.32
2316.52	3131.65
2316.99	3161.32
2317.46	3131.32
2317.93	3133.32
2318.4	3127.98
2318.87	3152.65
2319.34	3151.71
2319.81	3166.44
2320.28	3194.98
2320.75	3186.32
2321.21	3187.65
2321.69	3197.65
2322.16	3221.65
2322.63	3266.32
2323.09	3322.32
2323.56	3330.98
2324.03	3395.32
2324.5	3519.32
2324.97	3586.98
2325.44	3751.14
2325.91	3831.94
2326.38	3926.21
2326.85	3967.89
2327.32	4018.72
2327.79	4116.5
2328.26	4111.9
2328.73	4005.52
2329.2	3822.38
2329.67	3685.32
2330.14	3480.65
2330.6	3298.98
2331.07	3212.98
2331.54	3146.98
2332.01	3141.98
2332.48	3133.98
2332.95	3145.65
2333.42	3147.65
2333.89	3128.32
2334.35	3153.65
2334.82	3113.65
2335.29	3178.62
2335.76	3138.98
2336.23	3149.98
2336.7	3147.65
2337.17	3163.05
2337.64	3145.57
2338.1	3171.01
2338.57	3164.76
2339.04	3175.98
2339.51	3162.65
2339.98	3163.98
2340.45	3150.32
2340.91	3112.65
2341.38	3191.98
2341.85	3178.98
2342.32	3108.32
2342.79	3142.65
2343.26	3176.32
2343.73	3169.65
2344.19	3151.98
2344.66	3349.4
2345.13	3380.29
2345.6	3377.83
2346.06	3370.32
2346.53	3365.81
2347	3343.82
2347.47	3353.73
2347.94	3352.46
2348.4	3367.19
2348.87	3332.87
2349.34	3253.98
2349.81	3157.65
2350.28	3133.32
2350.74	3174.25
2351.21	3129.98
2351.68	3166.32
2352.14	3158.32
2352.61	3194.32
2353.08	3172.32
2353.55	3133.32
2354.02	3176.65
2354.48	3144.65
2354.95	3195.98
2355.42	3136.32
2355.89	3152.65
2356.35	3198.65
2356.82	3165.65
2357.29	3202.32
2357.75	3205.47
2358.22	3148.63
2358.69	3198.74
2359.16	3188.98
2359.62	3178.65
2360.09	3161.32
2360.56	3203.32
2361.02	3167.32
2361.49	3186.16
2361.96	3199.98
2362.42	3181.32
2362.89	3158.98
2363.36	3164.65
2363.82	3162.98
2364.29	3183.65
2364.76	3192.65
2365.22	3153.98
2365.69	3163.32
2366.16	3219.57
2366.62	3170.95
2367.09	3193.32
2367.56	3172.65
2368.02	3202.32
2368.49	3176.98
2368.96	3170.65
2369.42	3187.7
2369.89	3193.32
2370.35	3179.98
2370.82	3175.32
2371.29	3172.98
2371.75	3166.98
2372.22	3194.65
2372.69	3173.32
2373.15	3182.32
2373.62	3207.04
2374.08	3168.8
2374.55	3172.65
2375.01	3189.98
2375.48	3186.82
2375.95	3198.32
2376.41	3199.28
2376.88	3180.98
2377.34	3168.32
2377.81	3216.05
2378.27	3170.27
2378.74	3178.32
2379.21	3175.98
2379.67	3162.65
2380.14	3212.65
2380.6	3215.98
2381.07	3187.98
2381.53	3214.32
2382	3214.24
2382.46	3222.65
2382.93	3205.65
2383.39	3211.65
2383.86	3220.32
2384.33	3193.98
2384.79	3179.65
2385.26	3201.98
2385.72	3194.65
2386.19	3200.65
2386.65	3173.98
2387.12	3223.98
2387.58	3212.65
2388.05	3238.71
2388.51	3174.32
2388.98	3180.98
2389.44	3196.32
2389.91	3238.32
2390.37	3231.66
2390.84	3251.39
2391.3	3194.32
2391.76	3238.36
2392.23	3221.65
2392.7	3172.65
2393.16	3213.98
2393.62	3244.32
2394.09	3205.98
2394.55	3257.65
2395.02	3197.98
2395.48	3220.65
2395.95	3213.65
2396.41	3210.32
2396.88	3203.32
2397.34	3210.65
2397.8	3212.98
2398.27	3219.98
2398.73	3182.65
2399.2	3263.65
2399.66	3212.65
2400.12	3176.32
2400.59	3222.98
2401.05	3218.98
2401.52	3254.16
2401.98	3212.65
2402.44	3200.65
2402.91	3229.98
2403.37	3232.32
2403.84	3218.98
2404.3	3216.98
2404.76	3199.65
2405.23	3204.98
2405.69	3214.65
2406.15	3218.98
2406.62	3200.65
2407.08	3215.98
2407.55	3263.98
2408.01	3228.32
2408.47	3221.98
2408.94	3207.98
2409.4	3231.98
2409.86	3245.32
2410.33	3241.65
2410.79	3238.32
2411.25	3228.98
2411.72	3208.32
2412.18	3242.61
2412.64	3250.32
2413.11	3229.32
2413.57	3246.98
2414.03	3219.65
2414.5	3278.89
2414.96	3215.98
2415.42	3218.98
2415.88	3249.65
2416.35	3220.98
2416.81	3250.98
2417.27	3254.65
2417.74	3259.32
2418.2	3249.13
2418.66	3229.32
2419.12	3229.98
2419.59	3217.65
2420.05	3245.65
2420.51	3266.32
2420.98	3263.39
2421.44	3273.1
2421.9	3273.98
2422.36	3274.32
2422.83	3235.32
2423.29	3243.32
2423.75	3262.65
2424.21	3261.98
2424.67	3257.65
2425.14	3247.32
2425.6	3277.32
2426.06	3240.65
2426.52	3241.32
2426.99	3225.65
2427.45	3219.98
2427.91	3249.98
2428.37	3266.16
2428.84	3226.98
2429.3	3237.98
2429.76	3224.32
2430.22	3246.5
2430.68	3252.32
2431.14	3267.32
2431.61	3313.32
2432.07	3272.98
2432.53	3252.98
2432.99	3300.65
2433.45	3293.65
2433.91	3258.32
2434.38	3265.32
2434.84	3264.65
2435.3	3255.98
2435.76	3266.32
2436.22	3257.65
2436.68	3306.32
2437.15	3294.98
2437.61	3319.16
2438.07	3286.32
2438.53	3287.65
2438.99	3282.98
2439.45	3273.98
2439.92	3314.32
2440.38	3320.65
2440.84	3315.32
2441.3	3303.32
2441.76	3306.32
2442.22	3285.32
2442.68	3287.65
2443.14	3299.98
2443.6	3263.32
2444.06	3294.98
2444.53	3290.65
2444.99	3275.98
2445.45	3314.98
2445.91	3282.95
2446.37	3301.32
2446.83	3316.78
2447.29	3318.79
2447.75	3286.32
2448.21	3304.98
2448.67	3337.98
2449.13	3309.32
2449.59	3333.98
2450.05	3291.98
2450.51	3311.32
2450.98	3305.65
2451.44	3328.1
2451.9	3371.33
2452.36	3329.85
2452.82	3339.5
2453.28	3320.01
2453.74	3372.29
2454.2	3302.98
2454.66	3338.65
2455.12	3315.32
2455.58	3318.32
2456.04	3302.32
2456.5	3327.65
2456.96	3307.32
2457.42	3354.98
2457.88	3350.32
2458.34	3312.32
2458.8	3317.32
2459.26	3282.32
2459.72	3330.65
2460.18	3323.39
2460.64	3312.16
2461.1	3313.98
2461.56	3314.32
2462.02	3313.98
2462.48	3331.65
2462.94	3430.8
2463.4	3403.2
2463.86	3377
2464.31	3400.6
2464.77	3401.21
2465.23	3328.65
2465.69	3334.32
2466.15	3322.98
2466.61	3288.98
2467.07	3344.76
2467.53	3328.98
2467.99	3358.65
2468.45	3328.65
2468.91	3312.98
2469.37	3294.98
2469.83	3266.65
2470.29	3299.65
2470.74	3323.65
2471.2	3332.65
2471.66	3343.32
2472.12	3330.65
2472.58	3314.98
2473.04	3342.32
2473.5	3348.32
2473.96	3364.98
2474.42	3326.32
2474.88	3328.32
2475.33	3350.98
2475.79	3357.65
2476.25	3360.98
2476.71	3330.65
2477.17	3355.65
2477.63	3325.65
2478.08	3355.65
2478.54	3360.65
2479	3362.98
2479.46	3349.98
2479.92	3334.32
2480.38	3377.98
2480.84	3353.32
2481.29	3320.98
2481.75	3351.65
2482.21	3321.32
2482.67	3338.98
2483.13	3333.98
2483.59	3369.65
2484.04	3340.65
2484.5	3348.65
2484.96	3300.98
2485.42	3376.65
2485.88	3320.98
2486.33	3373.98
2486.79	3357.32
2487.25	3362.32
2487.71	3360.32
2488.16	3388.44
2488.62	3384.32
2489.08	3350.98
2489.54	3346.98
2490	3397.65
2490.45	3384.98
2490.91	3370.98
2491.37	3371.65
2491.83	3387.65
2492.28	3404.26
2492.74	3408.98
2493.2	3307.32
2493.66	3392.98
2494.11	3370.65
2494.57	3358.32
2495.03	3365.65
2495.49	3364.98
2495.94	3367.98
2496.4	3376.65
2496.86	3381.32
2497.31	3392.65
2497.77	3337.65
2498.23	3386.32
2498.69	3346.65
2499.14	3399.65
2499.6	3369.32
2500.06	3374.98
2500.51	3416.32
2500.97	3433.18
2501.43	3383.05
2501.88	3405.67
2502.34	3389.98
2502.8	3383.98
2503.25	3396.2
2503.71	3354.65
2504.17	3395.65
2504.62	3409.65
2505.08	3414.98
2505.54	3417.98
2506	3402.98
2506.45	3425.92
2506.91	3392.18
2507.36	3426.32
2507.82	3440.45
2508.28	3405.76
2508.73	3385.52
2509.19	3407.89
2509.65	3407.32
2510.1	3403.65
2510.56	3407.65
2511.01	3318.32
2511.47	3385.98
2511.93	3420.32
2512.38	3358.65
2512.84	3393.98
2513.29	3396.98
2513.75	3373.98
2514.21	3382.98
2514.66	3391.72
2515.12	3368.77
2515.58	3405.32
2516.03	3382.32
2516.49	3377.65
2516.94	3380.32
2517.4	3400.65
2517.85	3388.32
2518.31	3372.65
2518.76	3370.32
2519.22	3366.65
2519.68	3389.65
2520.13	3373.98
2520.59	3381.32
2521.04	3359.65
2521.5	3401.32
2521.95	3403.32
2522.41	3379.65
2522.86	3417.38
2523.32	3406.32
2523.77	3376.32
2524.23	3370.65
2524.69	3404.98
2525.14	3371.32
2525.59	3428.51
2526.05	3410.11
2526.51	3402.39
2526.96	3367.32
2527.42	3392.65
2527.87	3387.65
2528.32	3375.65
2528.78	3383.82
2529.23	3385.37
2529.69	3381.93
2530.14	3391.72
2530.6	3396.96
2531.05	3392.7
2531.51	3403.07
2531.96	3388.13
2532.42	3384.13
2532.87	3371.79
2533.33	3373.57
2533.78	3390.09
2534.24	3397.31
2534.69	3386.73
2535.15	3404.18
2535.6	3370.52
2536.05	3398.78
2536.51	3363.95
2536.96	3377.4
2537.42	3385.22
2537.87	3364.95
2538.32	3372.44
2538.78	3379.03
2539.23	3372.92
2539.69	3360.29
2540.14	3410.23
2540.6	3379.23
2541.05	3358.32
2541.5	3382.86
2541.96	3378.49
2542.41	3373.09
2542.87	3384.11
2543.32	3385.51
2543.77	3381.26
2544.23	3373.77
2544.68	3384.29
2545.14	3370.67
2545.59	3384.74
2546.04	3368.14
2546.49	3375.68
2546.95	3386.49
2547.4	3372.52
2547.86	3365.36
2548.31	3367.56
2548.76	3365.52
2549.22	3376.62
2549.67	3354.08
2550.12	3354.54
2550.58	3344.63
2551.03	3366.52
2551.48	3348.21
2551.94	3360.15
2552.39	3322.14
2552.84	3355.17
2553.3	3339.37
2553.75	3340.24
2554.2	3333.67
2554.66	3352.39
2555.11	3326.96
2555.56	3326.84
2556.01	3351.44
2556.47	3352.42
2556.92	3358.38
2557.37	3348.5
2557.83	3327.37
2558.28	3329.19
2558.73	3327.11
2559.18	3341.37
2559.64	3330.78
2560.09	3349.2
2560.54	3329.67
2560.99	3349.24
2561.45	3333.75
2561.9	3305.89
2562.35	3294.74
2562.8	3304.72
2563.26	3311.79
2563.71	3311.28
2564.16	3321.42
2564.61	3300.51
2565.07	3292.63
2565.52	3335.2
2565.97	3303.42
2566.42	3296.23
2566.87	3320.19
2567.33	3311.24
2567.78	3282.24
2568.23	3309.86
2568.68	3316.08
2569.14	3304.27
2569.59	3293.18
2570.04	3293.03
2570.49	3276.49
2570.94	3276.04
2571.39	3299.38
2571.85	3287.38
2572.3	3287.08
2572.75	3274.97
2573.2	3300.27
2573.65	3301.06
2574.11	3299.69
2574.56	3295.89
2575.01	3272.8
2575.46	3271.12
2575.91	3282.42
2576.36	3274.22
2576.81	3294.64
2576.85	3241.35
2577.31	3277.92
2577.76	3239.35
2578.22	3228.68
2578.67	3137.02
2579.12	3175.35
2579.58	3186.02
2580.04	3198.35
2580.49	3179.35
2580.94	3175.35
2581.4	3203.02
2581.85	3202.02
2582.31	3170.35
2582.76	3173.35
2583.22	3207.79
2583.67	3194.02
2584.13	3230.86
2584.58	3213.22
2585.03	3223
2585.49	3220.02
2585.94	3224.97
2586.4	3261.68
2586.85	3224.35
2587.3	3242.68
2587.76	3244.23
2588.21	3234.68
2588.67	3231.67
2589.12	3214.35
2589.57	3212.35
2590.03	3245.68
2590.48	3235.68
2590.94	3211.54
2591.39	3222.77
2591.84	3215.35
2592.3	3221.68
2592.75	3220.68
2593.21	3237.05
2593.66	3220.22
2594.11	3232.47
2594.57	3194.76
2595.02	3199.35
2595.47	3220.49
2595.93	3204.71
2596.38	3204.68
2596.83	3205.2
2597.29	3199.39
2597.74	3184.35
2598.19	3218.02
2598.65	3212.35
2599.1	3145.02
2599.55	3190.35
2600.01	3163.35
2600.46	3178.68
2600.91	3183.68
2601.37	3207.59
2601.82	3176.62
2602.27	3157.02
2602.73	3071.35
2603.18	3190.27
2603.63	3190.35
2604.08	3176.02
2604.54	3166.36
2604.99	3173.3
2605.44	3185.02
2605.9	3225.24
2606.35	3179.93
2606.8	3201.68
2607.25	3149.35
2607.71	3171.68
2608.16	3141.02
2608.61	3181.35
2609.06	3201.81
2609.52	3190.35
2609.97	3147.35
2610.42	3151.35
2610.87	3125.68
2611.33	3154.35
2611.78	3164.68
2612.23	3154.68
2612.68	3161.35
2613.14	3141.35
2613.59	3171.43
2614.04	3173.02
2614.49	3146.68
2614.95	3148.68
2615.4	3135.35
2615.85	3136.35
2616.3	3150.02
2616.75	3168.35
2617.21	3145.68
2617.66	3180.27
2618.11	3115.68
2618.56	3174.35
2619.01	3183.68
2619.47	3168.35
2619.92	3157.35
2620.37	3148.68
2620.82	3159.35
2621.27	3140.35
2621.72	3177.02
2622.18	3162.86
2622.63	3166.35
2623.08	3152.02
2623.53	3130.35
2623.98	3105.02
2624.43	3108.02
2624.89	3105.35
2625.34	3135.35
2625.79	3167.35
2626.24	3176.93
2626.69	3153.8
2627.14	3151.64
2627.59	3178.03
2628.05	3123.68
2628.5	3152.25
2628.95	3137.68
2629.4	3171.68
2629.85	3133.02
2630.3	3162.68
2630.75	3112.02
2631.2	3155.35
2631.65	3155.68
2632.11	3139.02
2632.56	3127.35
2633.01	3110.94
2633.46	3136.68
2633.91	3113.35
2634.36	3147.7
2634.81	3097.68
2635.26	3137.35
2635.71	3105.68
2636.16	3103.93
2636.61	3142.51
2637.06	3114.85
2637.51	3109.68
2637.97	3161.66
2638.41	3118.02
2638.87	3150.9
2639.32	3149.35
2639.77	3128.68
2640.22	3114.35
2640.67	3174.27
2641.12	3141.68
2641.57	3162.35
2642.02	3248.24
2642.47	3246.82
2642.92	3258.04
2643.37	3256.25
2643.82	3266.31
2644.27	3263.35
2644.72	3141.87
2645.17	3158.02
2645.62	3164.41
2646.07	3144.35
2646.52	3163.29
2646.97	3149.68
2647.42	3129.68
2647.87	3151.35
2648.32	3149.28
2648.77	3189.73
2649.22	3132.02
2649.67	3155.35
2650.12	3174.35
2650.57	3151.02
2651.02	3121.35
2651.47	3128.68
2651.92	3118.68
2652.37	3174.68
2652.82	3125.02
2653.27	3169.02
2653.71	3161.35
2654.16	3152.71
2654.61	3158.77
2655.06	3162.02
2655.51	3153.35
2655.96	3178.02
2656.41	3180.02
2656.86	3113.35
2657.31	3167.35
2657.76	3155.02
2658.21	3164.35
2658.66	3167.35
2659.11	3173.68
2659.56	3180.35
2660	3168.02
2660.45	3180.02
2660.9	3167.35
2661.35	3160.02
2661.8	3206.73
2662.25	3155.68
2662.7	3187.35
2663.15	3182.88
2663.6	3183.62
2664.04	3168.68
2664.49	3179.68
2664.94	3212.35
2665.39	3187.35
2665.84	3167.68
2666.29	3156.02
2666.74	3191.02
2667.19	3200.35
2667.63	3207.68
2668.08	3119.68
2668.53	3175.68
2668.98	3214.54
2669.43	3231.32
2669.87	3208.35
2670.32	3201.35
2670.77	3227.18
2671.22	3225.01
2671.67	3221.68
2672.12	3240.35
2672.56	3202.02
2673.01	3206.02
2673.46	3237.68
2673.91	3237.23
2674.36	3208.35
2674.8	3218.02
2675.25	3242.54
2675.7	3221.68
2676.15	3197.35
2676.6	3262.68
2677.04	3263.24
2677.49	3229.02
2677.94	3251.02
2678.39	3250.68
2678.83	3228.68
2679.28	3278.68
2679.73	3280.35
2680.18	3254.02
2680.63	3279.02
2681.07	3267.35
2681.52	3247.02
2681.97	3276.2
2682.42	3274.68
2682.86	3291.02
2683.31	3250.68
2683.76	3280.41
2684.21	3288.35
2684.65	3270.35
2685.1	3285.02
2685.55	3333.29
2685.99	3282.74
2686.44	3320.3
2686.89	3316.02
2687.34	3327.09
2687.78	3329.02
2688.23	3296.02
2688.68	3353.68
2689.12	3333.18
2689.57	3351.35
2690.02	3312.35
2690.46	3309.02
2690.91	3357.35
2691.36	3305.02
2691.81	3356.85
2692.25	3346.02
2692.7	3310.68
2693.15	3335.35
2693.59	3338.35
2694.04	3405.84
2694.49	3379.29
2694.93	3311.66
2695.38	3380.94
2695.82	3339.68
2696.27	3328.35
2696.72	3373.35
2697.16	3350.68
2697.61	3368.35
2698.06	3415
2698.5	3414.68
2698.95	3396.46
2699.4	3406.35
2699.84	3410.35
2700.29	3322.68
2700.73	3415.68
2701.18	3400.02
2701.63	3424.02
2702.07	3412.35
2702.52	3447.02
2702.96	3457.34
2703.41	3446.03
2703.86	3429.84
2704.3	3452.02
2704.75	3444.68
2705.19	3425.68
2705.64	3445.41
2706.09	3459
2706.53	3463.35
2706.98	3445.02
2707.42	3437.02
2707.87	3487.4
2708.32	3477.02
2708.76	3441.68
2709.21	3461.51
2709.65	3472.02
2710.1	3481.27
2710.54	3496.35
2710.99	3475.02
2711.43	3502.02
2711.88	3470.68
2712.32	3449.68
2712.77	3514.22
2713.21	3475.39
2713.66	3518.02
2714.11	3522.03
2714.55	3455.02
2715	3535.02
2715.44	3532.09
2715.89	3534.68
2716.33	3552.02
2716.78	3550.68
2717.22	3565.68
2717.67	3540.35
2718.11	3539.68
2718.56	3573.35
2719	3548.35
2719.45	3565.35
2719.89	3586.68
2720.34	3582.68
2720.78	3585.64
2721.22	3620
2721.67	3592.02
2722.11	3587.47
2722.56	3568.48
2723	3596.35
2723.45	3567.35
2723.89	3608.14
2724.34	3615.25
2724.78	3635.02
2725.23	3648.15
2725.67	3623.68
2726.12	3632.02
2726.56	3614.68
2727	3616.68
2727.45	3646.71
2727.89	3638.68
2728.34	3645.68
2728.78	3615.68
2729.23	3645.68
2729.67	3639.02
2730.11	3628.02
2730.56	3650.31
2731	3664.68
2731.45	3656.02
2731.89	3654.39
2732.33	3711.18
2732.78	3671.19
2733.22	3728.55
2733.67	3769.28
2734.11	3749.68
2734.55	3711.35
2735	3733.88
2735.44	3731.45
2735.88	3745.81
2736.33	3716.68
2736.77	3759.22
2737.22	3804.99
2737.66	3760.35
2738.1	3739.68
2738.55	3756.68
2738.99	3749.68
2739.43	3766.02
2739.88	3756.35
2740.32	3769.43
2740.76	3765.01
2741.21	3763.68
2741.65	3789.02
2742.09	3794.02
2742.54	3784.68
2742.98	3743.35
2743.42	3756.68
2743.87	3759.02
2744.31	3791.82
2744.75	3801.64
2745.2	3812.68
2745.64	3789.68
2746.08	3802.34
2746.52	3819.35
2746.97	3826.68
2747.41	3836.68
2747.85	3845.6
2748.3	3813.35
2748.74	3818.68
2749.18	3829.68
2749.62	3848.35
2750.07	3836.79
2750.51	3877.72
2750.95	3846.35
2751.39	3918.96
2751.84	3839.22
2752.28	3835.68
2752.72	3839.68
2753.16	3815.35
2753.61	3868.35
2754.05	3856.68
2754.49	3838.02
2754.93	3895.95
2755.38	3875.02
2755.82	3882.32
2756.26	3912.83
2756.7	3872.02
2757.15	3897.02
2757.59	3896.02
2758.03	3899.68
2758.47	3918.06
2758.91	3887.02
2759.36	3893.02
2759.8	3936.02
2760.24	3924.87
2760.68	3959.77
2761.12	3911.02
2761.57	3943.68
2762.01	3969.91
2762.45	3936.35
2762.89	3895.68
2763.33	3947.35
2763.78	3970.35
2764.22	3942.35
2764.66	3944.86
2765.1	3942.68
2765.54	3989.21
2765.98	4064.29
2766.43	4032.68
2766.87	3991.35
2767.31	3990.35
2767.75	4029.84
2768.19	4016.62
2768.63	4035.49
2769.07	3971.35
2769.51	4035.02
2769.96	4043.68
2770.4	4037.16
2770.84	4037.35
2771.28	4028.68
2771.72	4049.02
2772.16	4043.29
2772.6	4053.35
2773.05	4045.02
2773.49	4057.02
2773.93	4043.97
2774.37	4098.35
2774.81	4070.77
2775.25	4028.35
2775.69	4052.35
2776.13	4092.35
2776.57	4091.35
2777.01	4065.62
2777.45	4086.04
2777.89	4097.06
2778.34	4118.98
2778.78	4075.35
2779.22	4133.95
2779.66	4115.22
2780.1	4061.02
2780.54	4106.68
2780.98	4099.35
2781.42	4085.68
2781.86	4103.02
2782.3	4095.68
2782.74	4131.02
2783.18	4140.62
2783.62	4147.35
2784.06	4097.35
2784.5	4159.72
2784.94	4164.68
2785.38	4167.35
2785.82	4194.19
2786.26	4195.96
2786.7	4168.68
2787.14	4194.68
2787.58	4199.68
2788.02	4198.35
2788.46	4188.68
2788.91	4208.35
2789.34	4193.35
2789.78	4198.35
2790.22	4234.47
2790.66	4239.35
2791.1	4255.04
2791.54	4221.35
2791.98	4241.02
2792.42	4217.35
2792.86	4259.47
2793.3	4194.02
2793.74	4235.23
2794.18	4232.02
2794.62	4246.12
2795.06	4272.68
2795.5	4245.68
2795.94	4257.02
2796.38	4226.35
2796.82	4253.92
2797.26	4246.11
2797.7	4251.68
2798.14	4279.68
2798.58	4272.2
2799.02	4319.62
2799.46	4274.21
2799.89	4311.35
2800.33	4257.68
2800.77	4276.02
2801.21	4315.32
2801.65	4311.02
2802.09	4304.35
2802.53	4334.35
2802.97	4316.68
2803.41	4315.6
2803.85	4324.68
2804.29	4321.35
2804.72	4313.68
2805.16	4308.35
2805.6	4293.02
2806.04	4319.35
2806.48	4315.35
2806.92	4279.02
2807.36	4330.01
2807.79	4366.68
2808.23	4310.35
2808.67	4335.35
2809.11	4351.02
2809.55	4319.68
2809.99	4363.35
2810.43	4361.03
2810.86	4356.02
2811.3	4381.9
2811.74	4363.83
2812.18	4400.78
2812.62	4329.35
2813.06	4375.38
2813.49	4364.55
2813.93	4398.35
2814.37	4413.35
2814.81	4426.63
2815.25	4391.6
2815.69	4403.68
2816.12	4428.34
2816.56	4398.68
2817	4381.68
2817.44	4429.02
2817.88	4399.02
2818.31	4415.68
2818.75	4407.02
2819.19	4368.68
2819.63	4435.02
2820.07	4426.89
2820.5	4449.02
2820.94	4457.28
2821.38	4480.56
2821.82	4426.91
2822.25	4439.02
2822.69	4484.99
2823.13	4447.02
2823.57	4453.02
2824	4451.58
2824.44	4480.59
2824.88	4447.35
2825.32	4474.68
2825.75	4477.53
2826.19	4477.02
2826.63	4460.35
2827.07	4466.02
2827.5	4499.75
2827.94	4521.02
2828.38	4548.71
2828.81	4533.82
2829.25	4520.55
2829.69	4502.35
2830.12	4499.68
2830.56	4505.02
2831	4518.35
2831.44	4535.77
2831.87	4531.68
2832.31	4523.35
2832.75	4523.68
2833.18	4568.68
2833.62	4560.05
2834.06	4544.02
2834.49	4609.02
2834.93	4582.02
2835.37	4577.68
2835.81	4641.81
2836.24	4605.35
2836.68	4616.68
2837.12	4596.35
2837.55	4614.25
2837.99	4614.35
2838.43	4647.3
2838.86	4640.68
2839.3	4589.68
2839.73	4602.02
2840.17	4626.5
2840.61	4637.35
2841.04	4641.68
2841.48	4656.02
2841.92	4648.68
2842.35	4655.35
2842.79	4670.35
2843.22	4708.92
2843.66	4726.35
2844.1	4766.66
2844.53	4783.35
2844.97	4817.47
2845.4	4804.92
2845.84	4832.68
2846.28	4815.82
2846.71	4861.67
2847.15	4814.35
2847.58	4816.35
2848.02	4811.38
2848.46	4839.02
2848.89	4862.86
2849.33	4850.02
2849.76	4871.42
2850.2	4852.52
2850.63	4815.59
2851.07	4850.8
2851.51	4867.74
2851.94	4851.93
2852.38	4857.73
2852.81	4840.35
2853.25	4873.53
2853.68	4855.68
2854.12	4862.35
2854.55	4829.35
2854.99	4850.68
2855.42	4818.02
2855.86	4840.02
2856.3	4794.02
2856.73	4884.35
2857.17	4854.13
2857.6	4870.25
2858.03	4866.46
2858.47	4865.02
2858.91	4877.35
2859.34	4887.26
2859.78	4889.68
2860.21	4865.35
2860.65	4864.35
2861.08	4870.35
2861.51	4876.35
2861.95	4867.02
2862.39	4870.66
2862.82	4886.76
2863.26	4860.35
2863.69	4886.7
2864.12	4832.02
2864.56	4874.35
2864.99	4912.8
2865.43	4905.68
2865.86	4932.02
2866.3	4919.13
2866.73	4915.02
2867.17	4906.02
2867.6	4921.48
2868.04	4925.02
2868.47	4953.63
2868.9	4922.21
2869.34	4901.35
2869.77	4894.68
2870.21	4938.02
2870.64	4920.02
2871.08	4939.02
2871.51	4943.68
2871.94	4893.02
2872.38	4954.91
2872.81	4918.58
2873.25	4936.68
2873.68	4888.02
2874.11	4954.23
2874.55	4973.23
2874.98	4939.35
2875.42	4949.02
2875.85	4959.68
2876.28	4967.68
2876.72	4975.35
2877.15	5004.41
2877.58	4976.57
2878.02	4983.58
2878.45	4988.38
2878.89	4960.56
2879.32	4964.74
2879.75	4978.35
2880.19	4941.68
2880.62	4900.35
2881.05	4923.02
2881.49	4950.68
2881.92	4985.15
2882.35	4955.02
2882.79	4927.35
2883.22	4940.09
2883.65	4999.43
2884.09	4936.02
2884.52	4992.78
2884.95	4971.1
2885.39	5007.87
2885.82	5010.2
2886.25	4991.02
2886.69	5008.35
2887.12	5052.68
2887.55	5020.35
2887.98	5085.86
2888.42	5037.68
2888.85	5030.78
2889.28	5044.62
2889.72	5044.47
2890.15	5031.41
2890.58	4997.68
2891.02	5010.68
2891.45	5032.88
2891.88	5069.27
2892.31	5028.35
2892.75	5045.68
2893.18	5053.14
2893.61	5053.21
2894.04	5023.35
2894.48	5041.02
2894.91	5063.02
2895.34	5036.51
2895.77	5070.35
2896.21	5027.02
2896.64	5045.68
2897.07	5043.02
2897.5	5050.68
2897.94	5059.68
2898.37	5024.68
2898.8	5043.02
2899.23	5043.41
2899.66	5053.4
2900.1	5046.68
2900.53	5036.68
2900.96	4994.35
2901.39	5051.35
2901.83	5061.68
2902.26	5070.68
2902.69	5054
2903.12	5096.07
2903.55	5001.35
2903.98	5056.68
2904.42	5062.68
2904.85	5062.11
2905.28	5059.83
2905.71	5052.68
2906.14	5020.02
2906.57	5049.35
2907.01	5059.17
2907.44	5061.6
2907.87	5033.68
2908.3	5083.02
2908.73	5064.65
2909.17	5051.02
2909.6	5060.25
2910.03	5058.76
2910.46	5027.35
2910.89	5029.54
2911.32	5040.02
2911.75	5074.56
2912.18	5036.91
2912.62	4994.35
2913.05	5080.18
2913.48	5065.35
2913.91	5096.55
2914.34	5050.32
2914.77	5055.02
2915.2	5038.87
2915.63	5046.35
2916.07	5084.26
2916.5	5054.68
2916.93	5022.68
2917.36	5043.45
2917.79	5087.35
2918.22	5061.02
2918.65	5008.68
2919.08	5056.08
2919.51	5070.83
2919.94	5057.68
2920.37	5044.68
2920.8	5062.35
2921.24	5075.02
2921.67	4991.68
2922.1	5054.43
2922.53	5012.68
2922.96	5071.35
2923.39	5060.36
2923.82	5099.41
2924.25	5058.68
2924.68	5082.48
2925.11	5103.21
2925.54	5072.02
2925.97	5093.68
2926.4	5125.98
2926.83	5105.35
2927.26	5054.68
2927.69	5081.8
2928.12	5105.11
2928.55	5075.35
2928.98	5074.35
2929.41	5100.36
2929.84	5090.35
2930.27	5111.02
2930.7	5070.35
2931.13	5045.35
2931.56	5085.39
2931.99	5025.35
2932.42	5072.68
2932.85	5054.87
2933.28	5054.02
2933.71	5068.02
2934.14	5072.92
2934.57	5077.14
2935	5067.77
2935.43	5025.35
2935.86	5066.68
2936.29	5053.86
2936.72	5011.35
2937.15	5077.35
2937.58	4996.68
2938.01	4991.08
2938.44	5044.25
2938.87	5045.93
2939.29	5038.02
2939.73	5044.19
2940.15	5039.95
2940.58	5014.89
2941.01	4936.45
2941.44	5000.25
2941.87	5003.94
2942.3	4978.83
2942.73	5017.4
2943.16	4993.82
2943.59	4981.01
2944.02	4972.35
2944.45	4932.49
2944.87	4958.8
2945.3	4943.6
2945.73	4920.13
2946.16	4942.61
2946.59	4949.37
2947.02	4964.1
2947.45	4897
2947.88	4951.43
2948.31	4941.94
2948.73	4940.67
2949.16	4880.67
2949.59	4934.06
2950.02	4954.1
2950.45	4943.07
2950.88	4898.92
2951.31	4918.58
2951.74	4892.13
2952.16	4906.08
2952.59	4911.61
2953.02	4882.04
2953.45	4904.54
2953.88	4898.83
2954.31	4910.71
2954.73	4916.4
2955.16	4935.61
2955.59	4900.31
2956.02	4899.34
2956.45	4875.94
2956.87	4889.32
2957.3	4865.83
2957.73	4857.44
2958.16	4875.9
2958.59	4858.29
2959.02	4863.2
2959.44	4884.74
2959.87	4865.57
2960.3	4846.67
2960.73	4846.62
2961.15	4855.25
2961.58	4836.8
2962.01	4865.15
2962.44	4859.72
2962.87	4822.36
2963.29	4800.65
2963.72	4848.58
2964.15	4850.92
2964.58	4799.25
2965	4815.87
2965.43	4812.12
2965.86	4818.27
2966.29	4811.56
2966.71	4838.89
2967.14	4815.21
2967.57	4789.47
2968	4750.83
2968.42	4809.86
2968.85	4790.89
2969.28	4732.73
2969.7	4761.41
2970.13	4788.63
2970.56	4759.45
2970.99	4761.33
2971.41	4783.61
2971.84	4751.36
2972.27	4778.62
2972.69	4728.83
2973.12	4748.96
2973.55	4717.96
2973.98	4759.54
2974.4	4707.41
2974.83	4707.64
2975.26	4702.81
2975.68	4716.67
2976.11	4739.45
2976.54	4779.61
2976.96	4707.53
2977.39	4722.62
2977.82	4625.64
2978.24	4709.83
2978.67	4733.23
2979.1	4711.99
2979.52	4666.62
2979.95	4689.41
2980.38	4716.06
2980.8	4674.98
2981.23	4684.93
2981.66	4644.74
2981.71	4684.41
2982.14	4640.41
2982.57	4660.08
2983	4657.99
2983.43	4669.66
2983.86	4654.1
2984.29	4567.47
2984.72	4543.92
2985.15	4490.08
2985.58	4487.41
2986.01	4515.74
2986.44	4542.74
2986.87	4571.58
2987.29	4558.11
2987.72	4534.41
2988.15	4532.41
2988.58	4529.74
2989.01	4565.59
2989.44	4547.14
2989.87	4550.41
2990.3	4554.08
2990.73	4598.29
2991.16	4592.17
2991.59	4599.79
2992.01	4578.74
2992.44	4576.41
2992.87	4620.74
2993.3	4609.41
2993.73	4610.41
2994.16	4541.74
2994.59	4557.08
2995.02	4567.08
2995.45	4570.95
2995.88	4586.46
2996.3	4593.08
2996.73	4566.08
2997.16	4549.41
2997.59	4527.41
2998.02	4581.75
2998.45	4533.74
2998.88	4546.41
2999.3	4553.27
2999.73	4519.08
3000.16	4517.08
3000.59	4537.41
3001.02	4531.82
3001.45	4541.98
3001.87	4517.01
3002.3	4526.67
3002.73	4506.08
3003.16	4519.41
3003.59	4535.84
3004.02	4502.08
3004.44	4472.08
3004.87	4484.41
3005.3	4465.08
3005.73	4491.08
3006.16	4475.48
3006.58	4510.99
3007.01	4454.41
3007.44	4376.08
3007.87	4517.48
3008.3	4470.08
3008.72	4464.08
3009.15	4477.41
3009.58	4455.08
3010.01	4426.08
3010.44	4495.51
3010.86	4466.08
3011.29	4485.63
3011.72	4467.08
3012.15	4459.16
3012.57	4453.69
3013	4428.74
3013.43	4464.08
3013.86	4450.41
3014.28	4381.08
3014.71	4442.08
3015.14	4409.74
3015.56	4399.41
3015.99	4438.41
3016.42	4444.76
3016.85	4433.26
3017.27	4461.84
3017.7	4443.67
3018.13	4426.52
3018.56	4431.16
3018.98	4421.74
3019.41	4418.74
3019.84	4439.41
3020.27	4419.08
3020.69	4388.41
3021.12	4376.74
3021.55	4407.18
3021.97	4434.08
3022.4	4410.41
3022.83	4402.74
3023.25	4418.41
3023.68	4384.26
3024.11	4403
3024.53	4389.63
3024.96	4366.15
3025.39	4396.87
3025.81	4379.32
3026.24	4391.41
3026.67	4395.74
3027.09	4373.41
3027.52	4375.41
3027.95	4424.76
3028.37	4406.74
3028.8	4400.08
3029.23	4361.74
3029.65	4416.08
3030.08	4374.74
3030.51	4373.08
3030.93	4351.01
3031.36	4384.25
3031.78	4353.18
3032.21	4380.22
3032.64	4353.08
3033.06	4377.41
3033.49	4369.97
3033.92	4328.41
3034.34	4356.41
3034.77	4354.41
3035.19	4339.88
3035.62	4301.82
3036.05	4311.74
3036.47	4293.41
3036.9	4329.43
3037.32	4291.74
3037.75	4269.41
3038.17	4351.33
3038.6	4255.41
3039.03	4278.41
3039.45	4286.41
3039.88	4343.8
3040.3	4340.74
3040.73	4393
3041.15	4319.27
3041.58	4330.08
3042.01	4317.08
3042.43	4328.15
3042.86	4288.08
3043.28	4292.41
3043.71	4287.74
3044.13	4293.74
3044.56	4299.08
3044.98	4302.08
3045.41	4314.41
3045.84	4311.91
3046.26	4301.76
3046.69	4286.08
3047.11	4254.74
3047.54	4283.41
3047.96	4269.08
3048.39	4300.41
3048.81	4302.41
3049.24	4301.41
3049.66	4276.41
3050.09	4262.74
3050.51	4206.41
3050.94	4276.41
3051.36	4213.41
3051.79	4234.32
3052.21	4233.74
3052.64	4250.08
3053.06	4236.43
3053.49	4244.41
3053.91	4242.54
3054.33	4232.74
3054.76	4254.74
3055.18	4247.74
3055.61	4199.08
3056.03	4185.41
3056.46	4244.88
3056.88	4242.41
3057.31	4235.74
3057.73	4210.08
3058.16	4234.36
3058.58	4215.41
3059	4208.74
3059.43	4184.41
3059.85	4221.27
3060.28	4180.74
3060.7	4225.74
3061.13	4192.74
3061.55	4152.41
3061.98	4204.41
3062.4	4221.08
3062.82	4188.74
3063.25	4196.08
3063.67	4214.76
3064.1	4162.41
3064.52	4201.74
3064.94	4177.87
3065.37	4188.08
3065.79	4183.56
3066.21	4196.87
3066.64	4184.23
3067.06	4161.74
3067.49	4170.18
3067.91	4165.41
3068.33	4186.41
3068.76	4157.81
3069.18	4196.88
3069.6	4203.4
3070.03	4180.74
3070.45	4210.08
3070.88	4143.08
3071.3	4163.74
3071.72	4174.41
3072.15	4118.08
3072.57	4150.08
3072.99	4155.74
3073.42	4126.33
3073.84	4140.74
3074.26	4130.97
3074.69	4154.73
3075.11	4090.74
3075.53	4119.41
3075.96	4150.41
3076.38	4132.74
3076.8	4112.74
3077.23	4122.03
3077.65	4105.74
3078.07	4111.41
3078.5	4129.93
3078.92	4099.08
3079.34	4067.08
3079.76	4067.77
3080.19	4103.41
3080.61	4082.41
3081.03	4098.81
3081.46	4089.74
3081.88	4085.12
3082.3	4059.41
3082.72	4071.08
3083.15	4110.74
3083.57	4097.41
3083.99	4118.08
3084.42	4099.64
3084.84	4097.74
3085.26	4089.08
3085.68	4078.08
3086.11	4051.08
3086.53	4061.74
3086.95	4044.41
3087.37	4116.77
3087.8	4080.5
3088.22	4076.35
3088.64	4100.66
3089.06	4013.41
3089.48	4044.08
3089.91	4025.74
3090.33	4042.41
3090.75	4073.08
3091.17	3985.74
3091.6	4070.74
3092.02	4051.12
3092.44	4054.08
3092.86	4049.08
3093.28	4050.82
3093.71	4078.41
3094.13	4084.08
3094.55	4065.26
3094.97	4036.74
3095.39	4027.74
3095.81	4063.89
3096.24	4007.08
3096.66	4006.08
3097.08	4021.74
3097.5	4027.08
3097.93	4027.08
3098.35	4008.41
3098.77	4023.08
3099.19	4058
3099.61	4021.05
3100.03	3950.74
3100.45	4003.41
3100.88	4022.08
3101.3	4020.74
3101.72	4005.41
3102.14	4017.74
3102.56	3979.11
3102.98	4024.28
3103.4	3970.08
3103.83	3987.74
3104.25	3966.61
3104.67	3985.08
3105.09	3945.41
3105.51	3955.74
3105.93	3946.74
3106.35	3989.08
3106.77	3908.74
3107.2	3953.74
3107.62	3946.41
3108.04	3949.41
3108.46	3959.39
3108.88	3965.95
3109.3	3918.41
3109.72	3947.26
3110.14	3976.54
3110.56	3937.74
3110.98	3916.41
3111.4	3938.41
3111.82	3929.52
3112.25	3895.74
3112.67	3938.41
3113.09	3930.08
3113.51	3888.08
3113.93	3949.18
3114.35	3943.74
3114.77	3905.08
3115.19	3917.42
3115.61	3898.08
3116.03	3907.87
3116.45	3925.9
3116.87	3928.41
3117.29	3913.08
3117.71	3875.08
3118.13	3865.41
3118.55	3874.53
3118.97	3859.08
3119.39	3908.14
3119.81	3892.41
3120.23	3881.74
3120.65	3855.08
3121.07	3909.74
3121.49	3831.08
3121.91	3867.82
3122.33	3870.74
3122.75	3870.74
3123.17	3817.74
3123.59	3868.16
3124.01	3859.38
3124.43	3865.41
3124.85	3951.01
3125.27	3912.41
3125.69	3893.92
3126.11	3822.74
3126.53	3890.08
3126.95	3818.08
3127.37	3815.41
3127.79	3833.41
3128.21	3874.74
3128.63	3869.74
3129.05	3799.41
3129.47	3909.74
3129.89	3855.55
3130.31	3903.08
3130.73	3808.41
3131.15	3842.08
3131.57	3836.08
3131.99	3865.08
3132.41	3823.74
3132.82	3845.41
3133.25	3833.41
3133.66	3851.81
3134.08	3845.29
3134.5	3873.13
3134.92	3768.74
3135.34	3795.41
3135.76	3792.08
3136.18	3816.73
3136.6	3815.08
3137.02	3769.41
3137.44	3795.74
3137.85	3754.08
3138.27	3831.66
3138.69	3810.08
3139.11	3775.35
3139.53	3786.74
3139.95	3770.08
3140.37	3743.08
3140.79	3747.74
3141.21	3792.36
3141.62	3789.41
3142.04	3772.08
3142.46	3730.08
3142.88	3772.41
3143.3	3754.41
3143.72	3756.74
3144.14	3766.74
3144.55	3764.62
3144.97	3759.5
3145.39	3755.77
3145.81	3737.74
3146.23	3733.74
3146.65	3759.08
3147.06	3695.74
3147.48	3705.13
3147.9	3680.08
3148.32	3696.74
3148.74	3693.41
3149.16	3716.41
3149.57	3708.74
3149.99	3718.41
3150.41	3672.08
3150.83	3692.41
3151.25	3699.33
3151.66	3694.41
3152.08	3704.08
3152.5	3699.32
3152.92	3689.46
3153.34	3685.08
3153.75	3669.08
3154.17	3635.08
3154.59	3654.08
3155.01	3713.74
3155.43	3686.43
3155.84	3683.25
3156.26	3708.56
3156.68	3618.85
3157.09	3652.08
3157.51	3668.08
3157.93	3655.08
3158.35	3636.74
3158.77	3641.41
3159.18	3649.74
3159.6	3631.74
3160.02	3584.41
3160.44	3627.59
3160.85	3660.41
3161.27	3630.08
3161.69	3627.41
3162.1	3607.41
3162.52	3650.35
3162.94	3580.41
3163.36	3605.41
3163.77	3571.74
3164.19	3601.74
3164.61	3599.44
3165.02	3603.74
3165.44	3587.74
3165.86	3602.74
3166.28	3634.74
3166.69	3599.59
3167.11	3566.41
3167.53	3592.08
3167.94	3577.49
3168.36	3580.03
3168.78	3595.41
3169.19	3572.74
3169.61	3572.74
3170.03	3565.08
3170.44	3551.74
3170.86	3536.41
3171.28	3525.08
3171.69	3582.41
3172.11	3612.54
3172.53	3587.24
3172.94	3586.33
3173.36	3578.61
3173.78	3560.36
3174.19	3527.74
3174.61	3518.74
3175.03	3508.41
3175.44	3544.8
3175.86	3477.74
3176.28	3482.41
3176.69	3502.41
3177.11	3490.41
3177.52	3539.18
3177.94	3493.41
3178.36	3497.08
3178.77	3522.74
3179.19	3509.41
3179.6	3514.67
3180.02	3497.67
3180.44	3513.65
3180.85	3534.6
3181.27	3498.41
3181.68	3509.74
3182.1	3469.74
3182.52	3470.41
3182.93	3508.44
3183.35	3476.41
3183.76	3494.05
3184.18	3444.74
3184.59	3464.74
3185.01	3480.08
3185.43	3457.74
3185.84	3453.41
3186.26	3451.74
3186.67	3450.41
3187.09	3454.08
3187.5	3474.98
3187.92	3468.41
3188.34	3471.08
3188.75	3431.74
3189.17	3445.08
3189.58	3470.17
3190	3449.08
3190.41	3428.41
3190.83	3420.74
3191.24	3422.29
3191.66	3414.74
3192.07	3421.08
3192.49	3423.99
3192.9	3406.41
3193.32	3424.41
3193.73	3395.61
3194.15	3431.74
3194.56	3415.08
3194.98	3397.74
3195.39	3396.08
3195.81	3394.74
3196.22	3394.08
3196.64	3358.08
3197.05	3372.41
3197.47	3415.74
3197.88	3403.41
3198.3	3405.09
3198.71	3371.37
3199.13	3355.41
3199.54	3361.08
3199.96	3327.74
3200.37	3359.39
3200.79	3344.74
3201.2	3382.41
3201.61	3368.74
3202.03	3327.74
3202.44	3376.74
3202.86	3355.08
3203.27	3331.08
3203.69	3356.58
3204.1	3365.13
3204.52	3357.08
3204.93	3347.74
3205.34	3311.74
3205.76	3302.08
3206.17	3327.22
3206.59	3349.41
3207	3329.74
3207.42	3289.08
3207.83	3280.41
3208.24	3307.08
3208.66	3320.88
3209.07	3336.63
3209.49	3289.74
3209.9	3331.74
3210.31	3283.08
3210.73	3245.41
3211.14	3271.08
3211.55	3305.66
3211.97	3325.37
3212.38	3310.15
3212.8	3343.46
3213.21	3276.08
3213.62	3284.6
3214.04	3294.4
3214.45	3293.42
3214.86	3273.74
3215.28	3265.08
3215.69	3289.06
3216.11	3230.08
3216.52	3292.45
3216.93	3248.08
3217.35	3231.41
3217.76	3239.99
3218.17	3214.41
3218.59	3216.41
3219	3241.08
3219.41	3216.08
3219.83	3230.74
3220.24	3254.41
3220.65	3210.52
3221.07	3233.08
3221.48	3202.16
3221.89	3216.08
3222.3	3230.74
3222.72	3190.41
3223.13	3237.74
3223.54	3183.41
3223.96	3181.41
3224.37	3186.74
3224.78	3184.74
3225.2	3201.41
3225.61	3198.55
3226.02	3200.86
3226.43	3189.63
3226.85	3174.41
3227.26	3172.83
3227.67	3176.74
3228.09	3178.43
3228.5	3175.74
3228.91	3154.41
3229.32	3177
3229.74	3153.66
3230.15	3155.65
3230.56	3149.41
3230.97	3119.41
3231.39	3090.41
3231.8	3103.74
3232.21	3064.41
3232.62	3101.74
3233.04	3100.08
3233.45	3129.08
3233.86	3081.54
3234.27	3080.08
3234.68	3115.08
3235.1	3113.41
3235.51	3085.41
3235.92	3133.08
3236.33	3075.08
3236.75	3100.74
3237.16	3081.74
3237.57	3098.38
3237.98	3076.74
3238.39	3063.74
3238.81	3074.55
3239.22	3095.94
3239.63	3080.74
3240.04	3013.74
3240.45	3063.74
3240.86	3032.41
3241.28	3092.43
3241.69	3064.41
3242.1	3065.41
3242.51	3032.74
3242.92	3022.74
3243.33	3026.08
3243.75	3007.08
3244.16	3062.79
3244.57	3027.5
3244.98	2973.74
3245.39	3020.08
3245.81	2972.41
3246.22	3010.87
3246.63	3036.74
3247.04	3017.08
3247.45	2994.41
3247.86	2961.08
3248.27	3008.08
3248.68	3007.08
3249.1	2958.74
3249.51	2996.41
3249.92	3001.69
3250.33	3000.74
3250.74	2999.57
3251.15	3029.65
3251.56	3014.57
3251.97	2983.41
3252.38	2956.08
3252.8	2990.41
3253.21	2993.5
3253.62	2988.41
3254.03	2997.08
3254.44	2977.53
3254.85	2927.08
3255.26	2969.41
3255.67	2950.08
3256.08	2973.08
3256.49	2929.74
3256.9	2949.74
3257.31	2973.76
3257.73	2976.74
3258.14	2983.74
3258.55	2954.96
3258.96	2925.41
3259.37	2954.53
3259.78	2899.08
3260.19	2943.34
3260.6	2953.08
3261.01	2934.74
3261.42	2949.43
3261.83	2921.08
3262.24	2929.74
3262.65	2861.74
3263.06	2912.74
3263.47	2885.41
3263.88	2911.08
3264.29	2885.09
3264.7	2872.41
3265.11	2916.54
3265.52	2871.41
3265.93	2864.74
3266.34	2877.08
3266.75	2902.2
3267.16	2856.11
3267.57	2874.21
3267.98	2869.27
3268.39	2858.84
3268.8	2848.41
3269.21	2830.74
3269.62	2843.41
3270.03	2787.41
3270.44	2826.41
3270.85	2805.08
3271.26	2858.72
3271.67	2801.41
3272.08	2813.74
3272.49	2825.74
3272.9	2806.08
3273.31	2824.41
3273.72	2831.74
3274.13	2848.74
3274.54	2820.41
3274.95	2837.22
3275.35	2830.08
3275.76	2792.08
3276.17	2826.74
3276.58	2810.68
3276.99	2813.08
3277.4	2810.74
3277.81	2783.41
3278.22	2784.41
3278.63	2823.45
3279.04	2805.16
3279.45	2813.31
3279.86	2770.74
3280.27	2748.08
3280.68	2774.41
3281.08	2771.86
3281.49	2824.08
3281.9	2788.73
3282.31	2782.41
3282.72	2777.41
3283.13	2790.08
3283.54	2737.08
3283.95	2768.74
3284.35	2778.34
3284.76	2774.32
3285.17	2704.41
3285.58	2737.08
3285.99	2746.41
3286.4	2727.08
3286.81	2715.74
3287.22	2722.41
3287.62	2713.74
3288.03	2729.08
3288.44	2695.08
3288.85	2715.41
3289.26	2715.62
3289.67	2699.41
3290.08	2709.41
3290.48	2716.41
3290.89	2723.19
3291.3	2728.16
3291.71	2738.73
3292.12	2712.79
3292.53	2677.41
3292.93	2696.93
3293.34	2663.74
3293.75	2676.08
3294.16	2686.4
3294.57	2672.08
3294.97	2643.08
3295.38	2665.74
3295.79	2650.08
3296.2	2663.08
3296.61	2705.92
3297.01	2672.01
3297.42	2652.08
3297.83	2627.74
3298.24	2645.08
3298.65	2648.08
3299.05	2633.74
3299.46	2651.08
3299.87	2628.41
3300.28	2578.74
3300.68	2568.74
3301.09	2590.08
3301.5	2613.22
3301.91	2572.43
3302.31	2602.5
3302.72	2556.74
3303.13	2575.74
3303.54	2580.18
3303.94	2600.62
3304.35	2585.41
3304.76	2608.08
3305.17	2618.03
3305.57	2582.41
3305.98	2631.69
3306.39	2575.41
3306.8	2588.74
3307.2	2567.74
3307.61	2622.08
3308.02	2618.41
3308.42	2577.41
3308.83	2600.41
3309.24	2619.52
3309.65	2603.71
3310.05	2578.41
3310.46	2583.41
3310.87	2563.08
3311.27	2606.74
3311.68	2547.74
3312.09	2590.74
3312.49	2590.08
3312.9	2532.41
3313.31	2568.41
3313.71	2562.41
3314.12	2561.15
3314.53	2561.15
3314.93	2577.58
3315.34	2538.74
3315.75	2524.41
3316.15	2547.74
3316.56	2533.41
3316.97	2557.74
3317.37	2516.74
3317.78	2563.41
3318.19	2538.78
3318.59	2519.08
3319	2475.74
3319.41	2527.64
3319.81	2531.74
3320.22	2482.41
3320.62	2509.75
3321.03	2496.92
3321.44	2504.08
3321.84	2509.74
3322.25	2488.41
3322.65	2466.41
3323.06	2469.08
3323.47	2486.41
3323.87	2438.74
3324.28	2498.74
3324.69	2477.41
3325.09	2437.74
3325.5	2487.1
3325.9	2501.68
3326.31	2452.11
3326.72	2454.17
3327.12	2486.52
3327.53	2497.06
3327.93	2408.44
3328.34	2460.6
3328.74	2467.68
3329.15	2449.37
3329.56	2469.11
3329.96	2459.64
3330.37	2422.41
3330.77	2452.81
3331.18	2420
3331.58	2429.24
3331.99	2423.66
3332.39	2417.75
3332.8	2437.73
3333.2	2388.37
3333.61	2405.07
3334.02	2395.61
3334.42	2427.59
3334.83	2408.61
3335.23	2412.02
3335.64	2402.42
3336.04	2393.2
3336.45	2382.81
3336.85	2391.68
3337.26	2398.61
3337.66	2611.09
3338.07	2626.41
3338.47	2612.07
3338.88	2629.98
3339.28	2609.24
3339.69	2609.66
3340.09	2578.98
3340.5	2569.83
3340.9	2506.37
3341.31	2368.39
3341.71	2348.33
3342.12	2350.81
3342.52	2341.01
3342.93	2335.16
3343.33	2349.38
3343.73	2320.92
3344.14	2338.58
3344.54	2333.48
3344.95	2318.89
3345.35	2343.77
3345.76	2336.56
3346.16	2322.42
3346.57	2315.04
3346.97	2296.38
3347.38	2318.71
3347.78	2307.15
3348.18	2311.45
3348.59	2263.26
3348.99	2260.94
3349.4	2285.74
3349.8	2289.75
3350.21	2276.33
3350.61	2288.05
3351.01	2281.85
3351.42	2264.88
3351.82	2265.72
3352.23	2263.83
3352.63	2292.1
3353.03	2271
3353.44	2248.53
3353.84	2282.43
3354.25	2272.58
3354.65	2261.62
3355.05	2251.67
3355.46	2231.17
3355.86	2270.41
3356.27	2235.66
3356.67	2256.61
3357.07	2224.27
3357.48	2209.23
3357.88	2202.78
3358.28	2220.79
3358.69	2208.1
3359.09	2225.74
3359.49	2205.98
3359.9	2201.96
3360.3	2201.39
3360.71	2185.77
3361.11	2195.33
3361.51	2177.2
3361.92	2168.38
3362.32	2168.33
3362.72	2176.57
3363.12	2171.68
3363.53	2159.71
3363.93	2168.21
3364.33	2158.3
3364.74	2116.84
3365.14	2158.49
3365.54	2160.12
3365.68	2150.12
3366.09	2126.54
3366.49	2130.32
3366.9	2133.46
3367.3	2136.56
3367.71	2100.38
3368.12	2098.73
3368.52	2071.79
3368.93	2018.45
3369.34	1999.79
3369.74	2005.79
3370.15	2032.12
3370.55	2020.75
3370.96	1992.79
3371.37	2035.79
3371.77	2005.45
3372.18	2033.12
3372.58	2044.12
3372.99	2045.79
3373.39	2052.99
3373.8	2037.12
3374.21	2049.45
3374.61	2072.63
3375.02	2068.76
3375.42	2024.45
3375.83	2039.79
3376.24	2072.7
3376.64	2091.51
3377.05	2054.79
3377.45	2041.45
3377.86	2031.45
3378.26	2031.78
3378.67	2022.28
3379.07	2019.12
3379.48	2041.47
3379.89	1976.45
3380.29	2031.79
3380.7	2010.79
3381.1	2028.23
3381.51	2002.79
3381.91	2017.45
3382.32	2018
3382.72	2000.57
3383.13	1970.45
3383.53	1986.79
3383.94	1989.67
3384.34	1979.79
3384.75	1990.91
3385.15	1935.12
3385.56	1972.12
3385.96	1976.79
3386.37	1943.12
3386.77	1948.12
3387.18	1937.79
3387.58	1954.45
3387.99	1962.38
3388.39	1934.02
3388.8	1953.31
3389.2	1895.45
3389.61	1920.12
3390.01	1897.45
3390.42	1883.79
3390.82	1918.3
3391.23	1912.79
3391.63	1898.45
3392.03	1923.09
3392.44	1894
3392.84	1893.12
3393.25	1885.06
3393.65	1863.79
3394.06	1895.12
3394.46	1864.37
3394.87	1870.73
3395.27	1878.19
3395.68	1870.75
3396.08	1872.62
3396.48	1866.12
3396.89	1859.12
3397.29	1875.45
3397.7	1859.45
3398.1	1839.45
3398.51	1814.12
3398.91	1784.45
3399.31	1882.18
3399.72	1820.12
3400.12	1862.79
