2673
90.0855	7422.7
90.7067	7579.1
91.3279	7616.56
91.9514	7526.82
92.5726	7459.55
93.1937	7451.86
93.8147	7539.89
94.4357	7381.57
95.059	7275.68
95.6799	7166.29
96.3008	6918.03
96.9217	6732.03
97.5425	6597.37
98.1656	6623.7
98.7863	6661.17
99.4071	6691.32
100.028	6482.7
100.648	6387.37
101.269	6237.03
101.892	6252.03
102.512	6185.03
103.133	6282.53
103.753	6371.02
104.374	6309.7
104.994	6464.25
105.614	6593.08
106.237	6737.69
106.857	6719.38
107.477	6674.42
108.097	6445.79
108.717	6294.96
109.337	6203.37
109.957	6037.7
110.577	5961.03
111.197	5891.03
111.82	5743.03
112.439	5665.03
113.059	5732.7
113.679	5810.03
114.299	5912.94
114.919	6009.92
115.538	5838.77
116.158	5839.99
116.777	5823.02
117.397	5806.37
118.016	5752.7
118.636	5602.37
119.258	5592.37
119.877	5579.7
120.496	5513.7
121.116	5675.03
121.735	5687.73
122.354	5697.26
122.973	5752.6
123.593	5577.95
124.212	5548.37
124.831	5481.37
125.45	5319.7
126.069	5392.03
126.688	5345.7
127.307	5346.37
127.925	5374.03
128.544	5353.03
129.163	5349.03
129.782	5349.05
130.401	5310.7
131.019	5219.03
131.638	5219.03
132.257	5222.03
132.875	5038.37
133.494	5047.7
134.112	4969.03
134.73	4997.7
135.349	4978.03
135.967	5044.7
136.586	4919.7
137.204	5037.7
137.822	5232.52
138.44	5184.29
139.058	5116.91
139.677	5052.37
140.295	5082.1
140.913	4936.37
141.528	4879.37
142.146	4932.2
142.764	4742.03
143.382	4759.7
144	4619.03
144.618	4675.37
145.236	4666.37
145.853	4664.37
146.471	4752.64
147.089	4728.03
147.706	4691.37
148.324	4678.7
148.939	4672.37
149.557	4550.7
150.174	4628.7
150.791	4577.03
151.409	4586.37
152.026	4527.03
152.643	4624.03
153.261	4590.03
153.876	4653.28
154.493	4601.88
155.11	4599.22
155.727	4540.03
156.344	4470.7
156.961	4442.37
157.578	4423.7
158.193	4351.03
158.81	4454.37
159.426	4442.03
160.043	4418.03
160.66	4406.37
161.277	4340.03
161.891	4347.37
162.508	4379.03
163.124	4384.6
163.741	4316.03
164.358	4314.37
164.974	4369.87
165.588	4289.03
166.205	4277.7
166.821	4182.03
167.437	4291.9
168.051	4291.7
168.668	4188.37
169.284	4283.36
169.9	4292.05
170.516	4241.37
171.13	4186.7
171.746	4230.7
172.362	4178.03
172.978	4200.7
173.592	4156.7
174.208	4143.37
174.824	4139.7
175.44	4161.44
176.053	4135.7
176.669	4129.03
177.285	4044.03
177.9	4085.03
178.514	4076.03
179.129	4109.41
179.745	4034.37
180.36	4042.37
180.973	4029.37
181.589	4063.37
182.204	4055.03
182.817	3998.7
183.433	4033.37
184.048	4017.03
184.661	4045.63
185.276	3955.7
185.891	4041.37
186.506	4007.03
187.119	3841.03
187.734	3983.37
188.349	4029.7
188.962	3931.37
189.577	3996.03
190.192	3895.37
190.804	3941.7
191.419	3883.7
192.032	3867.37
192.647	3916.7
193.261	3920.37
193.874	3932.46
194.488	3911.7
195.103	3884.37
195.715	3910.03
196.33	3882.7
196.944	3884.7
197.556	3880.03
198.171	3845.7
198.783	3868.37
199.397	3901.37
200.011	3847.7
200.623	3833.37
201.237	3859.36
201.849	3887.99
202.463	3889.37
203.077	3782.03
203.689	3820.37
204.303	3833.03
204.915	3773.37
205.529	3821.7
206.143	3821.7
206.754	3697.37
207.368	3708.03
207.979	3704.37
208.593	3764.03
209.205	3717.7
209.818	3725.03
210.43	3740.03
211.043	3730.03
211.654	3660.37
212.268	3746.79
212.881	3681.85
213.492	3742.97
214.106	3747.7
214.717	3633.37
215.33	3660.7
215.941	3692.7
216.554	3697.03
217.165	3708.37
217.778	3703.37
218.389	3749.86
219.002	3702.03
219.613	3717.37
220.226	3760.8
220.837	3680.03
221.45	3730.03
222.06	3684.19
222.673	3727.61
223.284	3813.03
223.896	3781.03
224.507	3756.37
225.117	3753.03
225.73	3802.19
226.34	3807.8
226.953	3782.03
227.563	3826.84
228.175	3791.7
228.785	3829.68
229.398	3778.73
230.008	3816.37
230.618	3807.7
231.23	3728.37
231.84	3719.37
232.452	3738.7
233.062	3701.03
233.674	3725.37
234.284	3679.03
234.894	3664.37
235.506	3626.7
236.116	3648.03
236.728	3656.7
237.337	3601.03
237.947	3659.88
238.559	3659.03
239.168	3632.37
239.778	3642.37
240.389	3623.7
240.999	3574.7
241.61	3584.37
242.22	3559.03
242.829	3578.37
243.44	3639.82
244.05	3605.75
244.659	3587.37
245.27	3582.03
245.879	3577.37
246.488	3560.03
247.1	3545.03
247.709	3575.37
248.318	3548.03
248.929	3564.03
249.538	3583.01
250.146	3528.37
250.757	3515.37
251.366	3541.37
251.975	3509.03
252.583	3551.7
253.194	3553.37
253.803	3505.03
254.411	3546.03
255.022	3495.37
255.631	3522.7
256.239	3537.7
256.848	3494.37
257.458	3494.37
258.066	3482.37
258.675	3489.37
259.283	3498.7
259.893	3453.37
260.502	3507.7
261.11	3541.03
261.718	3502.37
262.328	3521.13
262.936	3478.37
263.544	3502.7
264.152	3498.03
264.762	3458.03
265.37	3485.03
265.978	3482.7
266.585	3484.7
267.195	3492.7
267.803	3510.03
268.411	3518.7
269.018	3507.37
269.626	3487.03
270.236	3472.03
270.843	3437.03
271.451	3501.37
272.058	3436.7
272.666	3472.03
273.273	3406.03
273.883	3462.37
274.49	3442.7
275.097	3463.03
275.704	3458.37
276.311	3461.03
276.918	3492.7
277.528	3448.92
278.135	3480.18
278.742	3468.03
279.349	3482.35
279.956	3458.5
280.563	3458.29
281.169	3493.53
281.779	3530.7
282.385	3439.37
282.992	3440.7
283.599	3449.7
284.205	3460.03
284.812	3448.03
285.419	3425.37
286.025	3466.7
286.632	3483.03
287.24	3480.7
287.847	3454.7
288.453	3465.7
289.059	3444.7
289.666	3422.37
290.272	3444.76
290.878	3492.17
291.484	3461.27
292.091	3421.16
292.697	3477.32
293.303	3462.37
293.909	3417.37
294.515	3418.7
295.121	3444.7
295.727	3419.7
296.333	3440.7
296.939	3441.7
297.547	3448.03
298.152	3438.24
298.758	3402.37
299.364	3462.37
299.969	3404.37
300.575	3381.37
301.181	3423.37
301.786	3423.37
302.392	3383.03
302.997	3412.7
303.603	3396.7
304.208	3453.11
304.813	3439.03
305.419	3377.7
306.024	3405.37
306.629	3470.03
307.232	3449.03
307.837	3420.7
308.442	3422.7
309.047	3399.7
309.653	3455.37
310.258	3431.7
310.862	3416.37
311.467	3462.03
312.072	3455.7
312.677	3370.7
313.282	3382.7
313.887	3423.7
314.492	3410.7
315.096	3430.37
315.701	3418.03
316.305	3363.7
316.91	3443.03
317.512	3371.03
318.117	3397.7
318.721	3435.03
319.326	3446.7
319.93	3421.37
320.535	3411.7
321.139	3435.37
321.743	3450.37
322.347	3461.37
322.949	3418.03
323.554	3416.37
324.158	3403.7
324.762	3428.7
325.366	3435.03
325.97	3427.7
326.574	3398.7
327.176	3400.7
327.779	3429.37
328.383	3425.7
328.987	3411.37
329.591	3423.37
330.195	3373.03
330.796	3364.03
331.4	3406.03
332.003	3416.7
332.607	3413.7
333.211	3433.03
333.814	3452.7
334.415	3446.03
335.019	3399.71
335.622	3486.54
336.226	3388.03
336.829	3427.7
337.43	3450.37
338.033	3405.7
338.636	3423.03
339.24	3415.37
339.84	3439.37
340.444	3399.7
341.047	3430.37
341.65	3407.03
342.253	3383.37
342.853	3414.03
343.456	3372.37
344.059	3441.03
344.66	3420.03
345.263	3417.7
345.865	3414.03
346.468	3432.03
347.068	3418.7
347.671	3431.83
348.274	3397.37
348.876	3425.03
349.477	3411.03
350.079	3405.37
350.682	3410.03
351.282	3398.03
351.884	3383.7
352.486	3402.03
353.087	3401.03
353.689	3395.03
354.291	3424.7
354.893	3391.03
355.493	3381.37
356.095	3443.37
356.697	3430.03
357.297	3397.03
357.899	3448.03
358.501	3390.37
359.101	3445.03
359.703	3394.03
360.302	3401.37
360.904	3440.7
361.506	3435.37
362.105	3382.37
362.707	3431.1
363.309	3433.03
363.908	3402.37
364.51	3431.03
365.109	3384.7
365.711	3382.7
366.312	3378.7
366.911	3367.37
367.513	3346.37
368.112	3379.7
368.713	3325.7
369.314	3390.03
369.913	3373.81
370.515	3373.65
371.113	3380.1
371.715	3388.03
372.316	3402.03
372.915	3409.37
373.516	3356.7
374.114	3416.37
374.715	3384.55
375.314	3412.37
375.915	3397.37
376.513	3333.37
377.114	3381.37
377.713	3383.03
378.313	3361.7
378.914	3358.7
379.512	3394.37
380.113	3359.7
380.711	3384.37
381.312	3400.37
381.91	3450.29
382.511	3408.03
383.109	3364.03
383.709	3370.7
384.307	3375.03
384.908	3351.03
385.506	3393.03
386.106	3395.7
386.704	3413.7
387.304	3409.03
387.902	3384.37
388.5	3360.7
389.1	3368.03
389.698	3350.37
390.297	3338.7
390.895	3395.37
391.495	3375.03
392.093	3373.7
392.693	3366.37
393.29	3393.9
393.888	3367.03
394.487	3369.7
395.085	3372.37
395.684	3381.37
396.282	3354.7
396.881	3342.37
397.479	3362.03
398.076	3371.03
398.675	3346.37
399.272	3362.03
399.872	3364.03
400.469	3342.03
401.066	3342.03
401.665	3327.03
402.262	3368.03
402.861	3377.51
403.458	3376.37
404.055	3355.37
404.654	3368.37
405.251	3356.7
405.848	3336.37
406.447	3398.01
407.043	3350.37
407.64	3391.7
408.239	3331.7
408.835	3378.7
409.432	3395.74
410.031	3353.13
410.627	3352.7
411.223	3400.03
411.822	3386.03
412.418	3360.37
413.015	3365.03
413.613	3377.37
414.209	3398.03
414.806	3403.37
415.404	3380.04
416	3369.01
416.596	3369.7
417.192	3326.37
417.791	3367.03
418.387	3341.37
418.982	3442.55
419.578	3385.55
420.176	3392.65
420.772	3426.62
421.368	3413.37
421.966	3355.03
422.562	3374.7
423.157	3394.03
423.753	3406.7
424.349	3359.7
424.946	3391.37
425.542	3389.7
426.137	3369.03
426.733	3406.35
427.331	3409.89
427.926	3429.03
428.521	3441.7
429.117	3403.7
429.712	3426.7
430.309	3385.03
430.904	3444.7
431.5	3412.22
432.095	3428.69
432.69	3420.37
433.287	3378.03
433.882	3388.37
434.477	3416.7
435.072	3419.03
435.667	3419.37
436.262	3424.7
436.859	3384.7
437.454	3453.7
438.048	3444.37
438.643	3390.03
439.238	3473.37
439.832	3445.63
440.427	3438.77
441.024	3441.7
441.618	3409.37
442.213	3434.37
442.807	3476.37
443.402	3393.7
443.996	3449.03
444.59	3382.03
445.185	3511.52
445.779	3463.7
446.375	3462.37
446.969	3433.37
447.564	3491.7
448.158	3444.7
448.752	3452.03
449.346	3450.03
449.94	3479.03
450.534	3418.37
451.128	3434.03
451.722	3457.03
452.315	3459.7
452.909	3511.37
453.503	3481.5
454.097	3465.89
454.69	3460.97
455.284	3480.23
455.88	3441.7
456.474	3435.37
457.067	3486.37
457.661	3472.7
458.254	3457.7
458.848	3487.58
459.441	3459.37
460.034	3398.37
460.628	3452.37
461.221	3475.03
461.814	3492.03
462.407	3436.03
463.001	3431.37
463.594	3471.03
464.187	3483.71
464.78	3455.28
465.373	3488.03
465.964	3457.03
466.557	3446.7
467.15	3479.37
467.743	3441.7
468.335	3472.7
468.928	3498.37
469.521	3471.03
470.114	3494.7
470.706	3444.03
471.299	3476.34
471.892	3451.7
472.484	3458.03
473.077	3465.7
473.669	3463.37
474.262	3505.53
474.852	3485.37
475.445	3493.03
476.037	3453.03
476.629	3451.37
477.222	3478.03
477.814	3451.03
478.406	3445.37
478.998	3438.37
479.59	3497.37
480.18	3452.03
480.772	3449.7
481.364	3453.37
481.956	3499.37
482.548	3460.37
483.14	3483.7
483.732	3491.7
484.322	3431.37
484.914	3491.03
485.505	3485.7
486.097	3435.7
486.689	3460.03
487.281	3451.37
487.87	3441.37
488.462	3474.7
489.053	3622.8
489.645	3451.03
490.236	3469.37
490.828	3417.7
491.417	3429.7
492.008	3423.7
492.599	3453.37
493.191	3418.03
493.78	3450.37
494.371	3444.37
494.962	3413.7
495.553	3438.37
496.145	3435.03
496.733	3437.7
497.324	3413.7
497.915	3404.7
498.506	3427.37
499.095	3409.03
499.686	3443.03
500.277	3417.37
500.868	3444.03
501.456	3463.7
502.047	3442.7
502.638	3439.7
503.226	3380.7
503.817	3402.37
504.408	3414.03
504.998	3401.37
505.586	3412.37
506.177	3426.37
506.767	3395.7
507.356	3442.45
507.946	3430.37
508.536	3418.35
509.124	3399.37
509.715	3416.03
510.305	3431.03
510.893	3416.7
511.483	3412.7
512.073	3423.37
512.661	3402.03
513.251	3387.03
513.841	3443.7
514.429	3415.7
515.019	3432.7
515.609	3386.7
516.196	3408.7
516.786	3418.7
517.374	3385.7
517.964	3427.7
518.553	3454.7
519.141	3463.7
519.73	3448.7
520.32	3451.7
520.907	3471.03
521.497	3469.03
522.084	3421.03
522.674	3464.37
523.261	3523.7
523.85	3484.7
524.44	3508.21
525.027	3475.08
525.616	3538.83
526.203	3561.43
526.792	3553.52
527.379	3550.92
527.969	3545.95
528.558	3536.67
529.144	3519.72
529.734	3599.59
530.32	3589.9
530.909	3577.59
531.496	3609.39
532.085	3633.78
532.672	3617.84
533.26	3618.51
533.847	3635.86
534.436	3624.5
535.022	3659.36
535.611	3648.47
536.197	3673.4
536.786	3694.89
537.372	3723.97
537.961	3726.45
538.547	3757.26
539.135	3726.29
539.722	3752.86
540.31	3772.07
540.896	3787.11
541.484	3747.28
542.07	3767.08
542.656	3815.88
543.245	3793.17
543.831	3823.56
544.419	3830.96
545.005	3851.81
545.593	3827.19
546.178	3839.09
546.764	3822.92
547.352	3863.33
547.938	3858.58
548.526	3874.46
549.111	3872.6
549.699	3847.86
550.285	3864.45
550.87	3882.36
551.458	3896.36
552.043	3861.38
552.629	3866.93
553.216	3866.13
553.802	3859.45
554.389	3862.35
554.974	3901.18
555.56	3906.12
556.147	3885.92
556.732	3868.38
557.317	3842.34
557.905	3848.17
558.49	3862.43
559.075	3861.9
559.662	3839.88
560.247	3846.43
560.832	3856.89
561.419	3826.74
562.004	3835.93
562.588	3839.22
563.175	3844.76
563.76	3845.53
564.345	3814.99
564.932	3815.48
565.516	3801.37
566.101	3823.06
566.685	3798.68
567.272	3815.09
567.856	3787.88
568.441	3823.11
569.027	3790.53
569.612	3806.25
570.196	3786.4
570.78	3783.08
571.367	3786.49
571.951	3796.01
572.535	3785.18
573.119	3762.35
573.706	3733.75
574.29	3741.33
574.874	3739.41
575.458	3741.66
576.042	3723.19
576.628	3710.83
577.212	3709.45
577.796	3683.11
578.379	3728.82
578.965	3673.62
579.549	3675.54
580.133	3643.47
580.717	3678.65
581.3	3643.46
581.884	3611.07
582.47	3604.98
583.053	3590.35
583.637	3588.3
584.22	3563.81
584.803	3590.7
585.387	3549.5
585.972	3550.8
586.556	3535.12
587.139	3523.6
587.722	3520.96
588.305	3506.66
588.889	3505.83
589.472	3489.76
590.057	3489.91
590.64	3481.48
591.223	3456.33
591.806	3472.78
592.389	3445.6
592.972	3461.37
593.555	3457.48
594.138	3435.96
594.72	3426.8
595.303	3386.98
595.888	3408.65
596.471	3394.81
597.053	3402.12
597.636	3378.72
598.219	3377.37
598.801	3370.93
599.384	3363.35
599.966	3336.4
600.549	3356.87
601.131	3303.13
601.714	3329.14
602.296	3322.81
602.878	3304.77
603.46	3322.74
604.043	3288.76
604.625	3285.99
605.207	3286.79
605.789	3284.42
606.371	3264.82
606.953	3268.55
607.535	3233.69
608.117	3244.75
608.699	3232.19
609.281	3221.1
609.863	3194.5
610.445	3199.22
611.027	3163.87
611.608	3169.82
612.19	3189.83
612.772	3181.09
613.354	3142.03
613.935	3146.3
614.517	3134.53
615.098	3110.21
615.68	3094.27
616.261	3109.45
616.843	3106.78
617.424	3087
618.005	3090.26
618.587	3006.54
619.166	3070.83
619.747	3077.1
620.328	3045.51
620.91	3057.33
621.491	3053.89
622.072	3043.85
622.653	3036.45
623.234	3021.45
623.815	3015.56
624.396	3010.94
624.975	3017.02
625.556	3029.04
626.137	3011.46
626.717	2982.67
627.298	2995.47
627.879	2977.79
628.46	2996.85
629.038	2979.7
629.619	2986.63
630.199	2953.99
630.78	2946.5
631.361	2933.11
631.941	2926.55
632.519	2929.27
633.1	2926.64
633.68	2918.96
634.261	2904.27
634.841	2882.79
635.419	2874.73
635.999	2868.64
636.58	2832.57
637.16	2822.9
637.74	2806.35
638.318	2766.97
638.898	2805.01
639.478	2782.44
640.058	2773.12
640.636	2794.65
641.216	2773.12
641.796	2787.4
642.376	2751.34
642.955	2762.24
643.533	2747.29
644.113	2740.51
644.693	2742.01
645.27	2756.1
645.85	2756.38
646.429	2741.91
647.009	2765.01
647.586	2752.37
648.166	2750.42
648.745	2745.74
649.323	2755.89
649.902	2720.75
650.481	2732.01
651.061	2721.16
651.638	2724.63
652.217	2676.31
652.796	2679.21
653.373	2696.99
653.952	2669.5
654.531	2688.72
655.108	2663.67
655.688	2660.11
656.266	2639.63
656.843	2671.69
657.422	2608.62
657.999	2640.39
658.578	2605.64
659.157	2635.01
659.733	2588.31
660.312	2611.19
660.891	2619.24
661.467	2590.82
662.046	2595.67
662.622	2596.65
663.201	2600.02
663.78	2591.4
664.356	2577.03
664.934	2572.26
665.511	2576.75
666.089	2541.96
666.667	2558.16
667.244	2517.71
667.822	2527.46
668.398	2535.77
668.976	2518.34
669.552	2522.48
670.13	2496.35
670.706	2519.92
671.285	2460.8
671.863	2493.47
672.438	2490.35
673.016	2482.59
673.592	2476.53
674.17	2485.52
674.746	2489.57
675.324	2485.45
675.899	2487.94
676.477	2437.34
677.053	2456.5
677.63	2460.07
678.206	2446.82
678.784	2457.48
679.359	2449.99
679.936	2437.06
680.512	2397.1
681.089	2432.77
681.665	2423.57
682.242	2412.48
682.817	2402.59
683.392	2405.31
683.97	2416.06
684.545	2419.38
685.122	2390.87
685.697	2388.64
686.274	2391.11
686.849	2375.95
687.426	2366.06
688.001	2339.44
688.576	2326.6
689.153	2362.64
689.728	2344.17
690.305	2335.78
690.88	2359.15
691.454	2347.77
692.031	2349
692.606	2348.82
693.182	2331.73
693.757	2342.21
694.332	2338.32
694.908	2351.24
695.483	2342.8
696.057	2331.63
696.634	2311.25
697.208	2329.7
697.782	2320.04
698.359	2320.72
698.933	2333.33
699.507	2315.97
700.026	2355.36
700.604	2328.3
701.18	2318.63
701.758	2334.33
702.337	2330.3
702.913	2350.3
703.491	2343.03
704.069	2340.07
704.648	2319.3
705.224	2377.17
705.802	2339.97
706.38	2323.97
706.956	2344.97
707.534	2342.97
708.112	2339.3
708.687	2340.69
709.265	2371.63
709.843	2351.63
710.419	2355.97
710.997	2383.63
711.574	2373.63
712.15	2388.09
712.728	2390.63
713.305	2406.22
713.881	2416.3
714.458	2411.97
715.036	2430.22
715.611	2446.28
716.189	2418.3
716.766	2430.3
717.341	2441.3
717.919	2451.97
718.496	2505.03
719.071	2497.4
719.648	2517.97
720.223	2510.97
720.8	2518.63
721.378	2536.63
721.953	2512.63
722.53	2563.63
723.105	2570.97
723.682	2580.3
724.256	2586.3
724.833	2624.97
725.41	2627.52
725.985	2654.97
726.562	2625.08
727.136	2682.44
727.713	2672.63
728.288	2694.63
728.864	2675.63
729.441	2758.67
730.015	2723.97
730.592	2774.71
731.166	2753.97
731.743	2784.3
732.317	2782.63
732.894	2805.9
733.468	2838.77
734.044	2832.3
734.618	2819.97
735.195	2854.3
735.769	2899.97
736.345	2881.97
736.919	2912.3
737.495	2901.42
738.069	2877.97
738.645	2929.55
739.219	2920.29
739.795	2911.3
740.369	2930.9
740.945	2895.97
741.519	2914.52
742.095	2904.97
742.668	2886.97
743.244	2915.06
743.818	2906.3
744.393	2889.63
744.967	2881.97
745.541	2900.1
746.116	2860.3
746.69	2896.63
747.265	2890.63
747.839	2888.63
748.414	2871.63
748.987	2847.63
749.561	2859.14
750.136	2824.3
750.709	2808.63
751.284	2829.97
751.858	2825.42
752.431	2793.3
753.006	2788.3
753.579	2786.63
754.154	2785.3
754.727	2800.3
755.3	2758.63
755.875	2776.63
756.448	2777.3
757.021	2768.63
757.595	2740.63
758.168	2727.3
758.743	2735.63
759.316	2730.3
759.888	2686.3
760.463	2708.63
761.036	2688.97
761.608	2715.5
762.183	2701.84
762.755	2652.63
763.328	2688.49
763.902	2659.3
764.474	2665.97
765.047	2665.63
765.619	2633.97
766.193	2636.63
766.766	2617.97
767.338	2637.63
767.912	2588.63
768.484	2605.97
769.056	2631.08
769.63	2608.49
770.202	2591.97
770.774	2565.97
771.346	2557.63
771.92	2551.63
772.492	2537.97
773.064	2556.3
773.636	2553.3
774.21	2518.06
774.781	2490.63
775.353	2498.3
775.925	2490.97
776.499	2502.86
777.07	2482.3
777.642	2468.45
778.213	2448.97
778.785	2459.3
779.358	2460.63
779.93	2426.63
780.501	2468.54
781.072	2453.81
781.646	2442.3
782.217	2447.97
782.788	2429.49
783.359	2385.97
783.931	2436.15
784.502	2413.63
785.075	2387.97
785.646	2375.97
786.217	2408.19
786.788	2377.3
787.359	2369.3
787.93	2368.97
788.503	2358.32
789.074	2419.34
789.645	2336.75
790.215	2351.64
790.786	2327.3
791.357	2308.97
791.927	2331.38
792.5	2317.3
793.071	2292.63
793.641	2274.97
794.212	2286.63
794.782	2293.97
795.353	2297.97
795.923	2291.43
796.494	2255.22
797.064	2261.97
797.637	2283.97
798.207	2250.63
798.777	2263.61
799.347	2250.24
799.917	2224.63
800.488	2248.97
801.058	2215.63
801.628	2223.97
802.198	2237.3
802.768	2218.97
803.338	2169.63
803.908	2175.63
804.478	2181.3
805.048	2205.7
805.617	2180.3
806.187	2146.63
806.759	2159.63
807.329	2140.97
807.898	2171.3
808.468	2160
809.038	2127.63
809.607	2157.47
810.177	2132.63
810.746	2111.63
811.316	2142.95
811.885	2110.87
812.455	2104.97
813.024	2101.3
813.594	2094.23
814.163	2106.3
814.732	2065.63
815.301	2052.63
815.868	2041.63
816.438	2041.3
817.007	2053.63
817.576	2049.3
818.145	2021.65
818.714	2012.63
819.283	2045.3
819.852	2019.63
820.421	2014.19
820.99	2021.63
821.559	2033.63
822.128	2001.81
822.696	1997.63
823.265	1992.63
823.834	1968.3
824.402	1981.3
824.969	1989.17
825.538	1981.63
826.106	1972.63
826.675	1971.3
827.243	1947.3
827.812	1953.57
828.38	1952.92
828.949	1940.26
829.517	1942.3
830.083	1926.57
830.651	1929.52
831.22	1925.42
831.788	1916.97
832.356	1892.3
832.924	1895.63
833.492	1896.97
834.058	1880.63
834.627	1899.3
835.195	1874.3
835.763	1878.63
836.331	1898.3
836.898	1849.97
837.464	1833.3
838.032	1853.97
838.6	1894.3
839.168	1855.97
839.735	1885.13
840.301	1890.78
840.869	1869.3
841.436	1872.97
842.004	1860.97
842.572	1816.97
843.137	1845.3
843.704	1858.63
844.272	1862.64
844.839	1835.97
845.405	1847.97
845.972	1847.63
846.539	1858.15
847.107	1831.97
847.672	1841.97
848.239	1859.3
848.806	1829.97
849.373	1825.3
849.938	1844.29
850.505	1840.3
851.073	1847.3
851.637	1811.63
852.204	1820.3
852.771	1817.97
853.338	1829.97
853.903	1858.46
854.47	1822.97
855.037	1822.3
855.601	1824.35
856.168	1820.63
856.735	1829.92
857.299	1833.97
857.866	1828.23
858.433	1846.97
858.997	1823.63
859.564	1817.63
860.13	1826.97
860.695	1845.63
861.261	1845.24
861.827	1806.97
862.392	1853.63
862.958	1827.63
863.524	1882.7
864.089	1841.63
864.655	1849.73
865.221	1843.3
865.785	1830.3
866.351	1858.02
866.915	1874.63
867.481	1842.63
868.047	1854.97
868.611	1835.3
869.177	1861.3
869.741	1856.3
870.307	1846.97
870.873	1837.3
871.436	1845.97
872.002	1900.38
872.566	1865.88
873.131	1866.97
873.695	1860.63
874.261	1875.3
874.826	1885.97
875.39	1854.97
875.955	1861.97
876.519	1875.3
877.084	1889.1
877.647	1887.57
878.213	1872.63
878.776	1867.63
879.341	1893.97
879.905	1908.57
880.47	1883.3
881.033	1910.13
881.598	1891.97
882.161	1923.99
882.726	1911.63
883.289	1921.39
883.854	1906.3
884.417	1894.63
884.982	1902.63
885.545	1908.63
886.11	1919.3
886.673	1931.3
887.238	1906.63
887.801	1927.97
888.365	1918.28
888.928	1924.3
889.493	1935.3
890.055	1943.22
890.618	1961.63
891.182	1938.63
891.745	1929.97
892.309	1920.3
892.872	1949.63
893.436	1959.3
893.999	1969.97
894.561	1946.3
895.125	1923.63
895.688	1961.3
896.252	1985.71
896.814	1947.3
897.376	1941.3
897.94	1964.97
898.502	1976.36
899.067	1964.97
899.629	1992.42
900.191	1998.44
900.755	1979.97
901.317	1994.97
901.88	1979.3
902.442	1979.97
903.004	1957.63
903.568	1987.3
904.13	1976.3
904.691	2003.97
905.255	2029.05
905.817	2011.63
906.378	1974.97
906.942	2015.63
907.504	2030.97
908.065	2018.97
908.629	2006.3
909.19	2022.3
909.751	2029.97
910.313	2018.63
910.876	2037.63
911.437	2015.57
911.999	2017.97
912.562	2043.97
913.123	2028.63
913.684	2012.63
914.245	2049.77
914.809	2026.3
915.37	2042.01
915.931	2054.3
916.494	2039.3
917.055	2059.97
917.616	2057.63
918.176	2040.63
918.739	2028.97
919.3	2049.97
919.861	2033.3
920.422	2015.63
920.982	2036.97
921.545	2041.63
922.106	2058.63
922.666	2054.78
923.227	2081.63
923.79	2043.97
924.35	2075.98
924.911	2072.3
925.471	2078.97
926.031	2089.97
926.592	2093.97
927.154	2089.3
927.715	2071.97
928.275	2090.89
928.835	2062.63
929.395	2081.63
929.955	2067.63
930.518	2071.97
931.078	2099.3
931.638	2068.3
932.198	2092.24
932.758	2069.3
933.318	2094.42
933.878	2078.97
934.44	2082.3
935	2116.5
935.559	2082.97
936.119	2103.97
936.679	2106.34
937.239	2106.63
937.798	2115.63
938.358	2084.54
938.918	2111.91
939.479	2121.88
940.039	2070.81
940.598	2105.96
941.158	2122.96
941.717	2140.47
942.277	2116.45
942.836	2113.22
943.395	2106.7
943.955	2092.82
944.514	2110.42
945.073	2102.31
945.632	2108.44
946.192	2130.86
946.751	2116.65
947.31	2098.96
947.869	2096.05
948.428	2081.68
948.987	2101.15
949.548	2104.3
950.107	2116.54
950.666	2096.06
951.225	2084.93
951.784	2102.93
952.342	2076.7
952.901	2067.67
953.46	2099.66
954.017	2063.7
954.575	2084.7
955.134	2064.97
955.693	2085.6
956.251	2070.1
956.81	2052.67
957.368	2092.15
957.927	2055.43
958.485	2079.84
959.043	2072.61
959.602	2050.59
960.16	2066.35
960.719	2076.92
961.277	2076.71
961.835	2078.98
962.393	2057.8
962.951	2051.87
963.51	2061.9
964.065	2036.51
964.624	2052.93
965.182	2047.65
965.74	2080.04
966.298	2067.34
966.856	2061.41
967.413	2075.09
967.971	2076.55
968.529	2087.8
969.085	2059.59
969.643	2069.31
970.2	2094.17
970.758	2082.6
971.316	2073.69
971.873	2086.22
972.431	2108.86
972.986	2092.34
973.544	2110.84
974.101	2097.21
974.659	2121.08
975.216	2131.47
975.774	2137.39
976.329	2150.11
976.886	2145.44
977.444	2141.88
978.001	2178.81
978.558	2186.63
979.113	2159.35
979.67	2188.18
980.227	2185.82
980.785	2178.2
981.342	2182.73
981.897	2181.1
982.454	2219.04
983.01	2211.99
983.567	2225.97
984.122	2234.91
984.679	2221.83
985.236	2222.26
985.793	2228.93
986.347	2213.19
986.904	2221.35
987.461	2236.14
988.017	2236.75
988.572	2219.61
989.129	2188.39
989.685	2208.34
990.242	2225.43
990.796	2220.98
991.352	2226.68
991.909	2216.53
992.463	2183.99
993.02	2200.28
993.576	2188.81
994.13	2191.45
994.686	2193.83
995.243	2161.97
995.797	2196.68
996.353	2180.26
996.909	2195.09
997.463	2161.28
998.019	2196.27
998.575	2154.44
999.129	2161.19
999.685	2160.23
1000.24	2137.1
1000.79	2168.51
1001.35	2169.4
1001.91	2171.82
1002.46	2152.83
1003.02	2153.08
1003.57	2133.36
1004.13	2142.43
1004.68	2147.18
1005.23	2148
1005.79	2156.91
1006.34	2170.54
1006.9	2127.02
1007.45	2155.52
1008.01	2164.39
1008.56	2170.92
1009.12	2165.61
1009.67	2171.43
1010.22	2177.22
1010.78	2158.4
1011.34	2156.15
1011.89	2199.42
1012.44	2204.4
1013	2199.99
1013.55	2180.34
1014.11	2193.08
1014.66	2204.1
1015.21	2203.4
1015.77	2221.19
1016.32	2208.92
1016.88	2237.59
1017.43	2252.28
1017.98	2251.52
1018.54	2250.15
1019.09	2233.11
1019.64	2278.8
1020.2	2264.81
1020.75	2269.04
1021.31	2279.84
1021.86	2298.24
1022.41	2266.47
1022.97	2317.42
1023.52	2286.62
1024.07	2313.61
1024.63	2313
1025.18	2318.57
1025.73	2324.23
1026.29	2335.03
1026.84	2353.64
1027.39	2343.03
1027.94	2299.72
1028.5	2365.34
1029.05	2365.57
1029.6	2378.78
1030.16	2378.32
1030.71	2394.55
1031.26	2393.62
1031.81	2383
1032.37	2392.13
1032.92	2429.18
1033.47	2427.19
1034.03	2431.21
1034.58	2437.77
1035.13	2468.45
1035.68	2468.61
1036.24	2499.64
1036.79	2489.27
1037.34	2500.41
1037.89	2506.92
1038.45	2501.67
1039	2525.9
1039.55	2502.03
1040.1	2545.29
1040.65	2545.03
1041.21	2568.78
1041.76	2556.99
1042.31	2552.53
1042.86	2553.13
1043.41	2531.14
1043.97	2574.27
1044.52	2587.92
1045.07	2566.88
1045.62	2587.07
1046.17	2564.3
1046.72	2571.92
1047.28	2577.26
1047.83	2606.57
1048.38	2583.58
1048.93	2627.97
1049.48	2624.49
1050.03	2607.43
1050.58	2649.04
1051.13	2650.04
1051.69	2664.94
1052.24	2687.01
1052.79	2706.56
1053.34	2712.04
1053.89	2747.57
1054.44	2765.6
1054.99	2783.25
1055.54	2792.77
1056.09	2793.01
1056.65	2812.04
1057.2	2823.39
1057.75	2825.3
1058.3	2836.33
1058.85	2856.85
1059.4	2853.63
1059.95	2859.02
1060.5	2885.67
1061.05	2876.39
1061.6	2911.51
1062.15	2930.93
1062.7	2931.16
1063.25	2964.49
1063.8	2957.6
1064.35	2970.92
1064.9	2983.47
1065.45	2983.19
1066.01	2992.92
1066.56	3016.12
1067.11	3028.41
1067.66	3045.7
1068.21	3052.91
1068.76	3093.66
1069.3	3089.94
1069.85	3110.36
1070.4	3116.06
1070.96	3130.36
1071.51	3146.63
1072.05	3175.45
1072.6	3147.24
1073.15	3162.36
1073.7	3181.42
1074.25	3208.82
1074.8	3211.62
1075.35	3223.11
1075.9	3216.3
1076.45	3256.32
1077	3251.55
1077.55	3240.3
1078.1	3284.12
1078.65	3287.35
1079.2	3332.31
1079.75	3306.61
1080.3	3353.43
1080.84	3335.91
1081.39	3372.62
1081.94	3380.29
1082.49	3353.29
1083.04	3390.15
1083.59	3418.6
1084.14	3404.72
1084.69	3372.81
1085.24	3413.75
1085.78	3440.59
1086.33	3422.2
1086.88	3402.58
1087.43	3430.24
1087.98	3430.68
1088.53	3425.39
1089.07	3454.73
1089.62	3413.29
1090.17	3412.77
1090.72	3429.39
1091.27	3437.58
1091.82	3441.65
1092.36	3417.89
1092.91	3433.04
1093.46	3401.13
1094.01	3440.87
1094.56	3415.92
1095.11	3428.3
1095.65	3407.63
1096.2	3404.62
1096.75	3406.73
1097.3	3389.92
1097.84	3383.56
1098.39	3384.1
1098.94	3365.71
1099.49	3368.03
1100.03	3343.35
1100.58	3301.61
1101.13	3305.92
1101.68	3336.89
1102.22	3322.85
1102.77	3295.22
1103.32	3276.13
1103.87	3255.98
1104.41	3274.08
1104.96	3279.91
1105.51	3204.05
1105.77	3238.79
1106.32	3217.76
1106.87	3202.05
1107.42	3178.71
1107.97	3175.61
1108.52	3145.05
1109.07	3129.38
1109.62	3110.71
1110.17	3065.05
1110.72	3100.01
1111.26	3066.66
1111.81	3034.05
1112.36	3028.38
1112.91	3033.65
1113.46	3022.71
1114.01	2984.69
1114.56	2951.71
1115.11	2981.06
1115.66	2920.38
1116.21	2890.71
1116.76	2907.38
1117.31	2859.05
1117.86	2877.05
1118.41	2857.71
1118.96	2815.37
1119.51	2811.87
1120.05	2793.73
1120.6	2772.05
1121.15	2769.29
1121.7	2718.05
1122.25	2735.01
1122.8	2702.38
1123.35	2709.38
1123.9	2674.08
1124.44	2675.38
1124.99	2634.71
1125.54	2616.2
1126.09	2593.29
1126.64	2586.05
1127.19	2583.71
1127.74	2554.38
1128.28	2529.49
1128.83	2502.07
1129.38	2487.38
1129.93	2456.71
1130.48	2467.71
1131.03	2455.6
1131.58	2439.38
1132.12	2433.05
1132.67	2418.05
1133.22	2385.38
1133.77	2368.38
1134.32	2364.05
1134.86	2364.38
1135.41	2335.38
1135.96	2328.38
1136.51	2326.38
1137.05	2300.71
1137.6	2282.71
1138.15	2282.21
1138.7	2276.05
1139.25	2234.71
1139.79	2228.71
1140.34	2206.05
1140.89	2216.38
1141.44	2218.05
1141.98	2175.71
1142.53	2203.38
1143.08	2192.08
1143.63	2165.71
1144.17	2141.88
1144.72	2120.71
1145.27	2085.71
1145.81	2093.71
1146.36	2093.83
1146.91	2091.51
1147.46	2089.38
1148	2067.58
1148.55	2051.08
1149.09	2036.71
1149.64	2011.71
1150.19	2028.71
1150.74	2008.21
1151.28	1981.38
1151.83	1963.38
1152.38	1950.38
1152.92	1941.38
1153.47	1956.31
1154.02	1927.01
1154.56	1926.38
1155.11	1886.05
1155.66	1875.38
1156.2	1878.38
1156.75	1901.38
1157.29	1890.22
1157.84	1847.05
1158.39	1875.1
1158.93	1840.71
1159.48	1846.68
1160.03	1856.08
1160.57	1812.71
1161.12	1808.05
1161.66	1779.59
1162.21	1778.05
1162.75	1780.66
1163.3	1748.38
1163.85	1737.38
1164.39	1743.38
1164.94	1727.71
1165.48	1716.38
1166.03	1718.71
1166.57	1737.68
1167.12	1711.73
1167.67	1690.05
1168.21	1698.71
1168.76	1656.33
1169.3	1664.71
1169.85	1633.71
1170.39	1664.11
1170.94	1656.3
1171.48	1620.05
1172.03	1589.38
1172.57	1602.71
1173.12	1611.79
1173.66	1589.38
1174.21	1588.32
1174.75	1591.38
1175.3	1576.14
1175.84	1558.71
1176.39	1490.38
1176.93	1530.38
1177.48	1537.71
1178.02	1534.05
1178.57	1493.05
1179.11	1508.38
1179.66	1497.05
1180.2	1484.71
1180.75	1484.38
1181.29	1479.31
1181.84	1459.38
1182.38	1464.05
1182.92	1460.38
1183.47	1462.05
1184.01	1435.38
1184.56	1451.73
1185.1	1451.71
1185.65	1426.38
1186.19	1437.38
1186.73	1407.05
1187.28	1428.85
1187.82	1413.48
1188.36	1390.71
1188.91	1376.71
1189.45	1400.05
1190	1358.71
1190.54	1381.38
1191.08	1351.05
1191.63	1384.71
1192.17	1370.71
1192.71	1341.97
1193.26	1334.05
1193.8	1325.05
1194.35	1332.71
1194.89	1291.38
1195.43	1313.75
1195.98	1312.05
1196.52	1306.05
1197.06	1303.71
1197.61	1284.71
1198.15	1281.71
1198.69	1274.71
1199.24	1267.05
1199.78	1264.71
1200.32	1266.38
1200.86	1259.57
1201.41	1274.38
1201.95	1242.6
1202.49	1241.38
1203.04	1202.05
1203.58	1235.54
1204.12	1239.05
1204.66	1223.05
1205.21	1207.38
1205.75	1205.71
1206.29	1203.05
1206.83	1180.05
1207.38	1192.38
1207.92	1168.38
1208.46	1173.71
1209.01	1180.71
1209.55	1149.05
1210.09	1172.05
1210.63	1171.4
1211.18	1166.71
1211.72	1164.38
1212.26	1163.38
1212.8	1151.05
1213.34	1149.71
1213.89	1157.71
1214.43	1153.38
1214.97	1141.38
1215.51	1137.71
1216.05	1115.05
1216.59	1120.38
1217.14	1125.71
1217.68	1128.51
1218.22	1090.05
1218.76	1094.38
1219.3	1128.71
1219.85	1079.38
1220.39	1090.05
1220.93	1093.05
1221.47	1110.71
1222.01	1098.93
1222.55	1080.71
1223.09	1060.05
1223.64	1113.17
1224.18	1082.11
1224.72	1049.38
1225.26	1060.71
1225.8	1076.38
1226.34	1076.38
1226.88	1056.71
1227.42	1054.71
1227.96	1062.05
1228.51	1059.71
1229.05	1062.38
1229.59	1058.37
1230.13	1063.38
1230.67	1061.71
1231.21	1061.05
1231.75	1068.05
1232.29	1037.71
1232.83	1062.05
1233.37	1041.71
1233.91	1039.59
1234.45	1056.52
1234.99	1057.08
1235.53	1026.71
1236.07	1042.71
1236.62	1045.05
1237.16	1035.38
1237.7	1009.71
1238.24	1025.71
1238.78	1027.71
1239.32	1017.52
1239.86	1050.71
1240.4	1051.38
1240.94	1052.94
1241.48	1031.71
1242.02	1020.71
1242.56	1035.38
1243.1	1034.71
1243.64	1029.71
1244.18	993.713
1244.72	1035.71
1245.26	1036.59
1245.8	1029.2
1246.34	1016.71
1246.87	1027.05
1247.41	1011.38
1247.95	1004.05
1248.49	1000.43
1249.03	1024.38
1249.57	995.713
1250.11	1030.05
1250.65	1023.44
1251.19	1010.81
1251.73	1027.71
1252.27	1016.38
1252.81	1025.38
1253.35	1024.54
1253.89	1024.38
1254.43	1011.05
1254.96	1026.71
1255.5	1012.38
1256.04	988.047
1256.58	1018.5
1257.12	1024.38
1257.66	1021.05
1258.2	1034.05
1258.74	1015.71
1259.27	1025.27
1259.81	1028.38
1260.35	1014.38
1260.89	1015.05
1261.43	1031.38
1261.97	1023.38
1262.51	1014.38
1263.04	999.38
1263.58	995.38
1264.12	1022.71
1264.66	1008.05
1265.2	997.38
1265.74	1005.38
1266.27	1002.38
1266.81	979.38
1267.35	1015.71
1267.89	1017.71
1268.43	1022.05
1268.96	1012.71
1269.5	1006.38
1270.04	1020.05
1270.58	1023.13
1271.12	1025.91
1271.65	983.713
1272.19	1035.07
1272.73	1006.05
1273.27	1013.38
1273.8	998.713
1274.34	1000.05
1274.88	1008.05
1275.42	1006.71
1275.95	1022.38
1276.49	1008.05
1277.03	1024.71
1277.57	1012.05
1278.1	1007.38
1278.64	1028.32
1279.18	1000.64
1279.72	1008.64
1280.25	1001.38
1280.79	1016.4
1281.33	999.047
1281.86	973.047
1282.4	1020.38
1282.94	1008.38
1283.47	1002.05
1284.01	1014.38
1284.55	1010.05
1285.08	998.38
1285.62	985.38
1286.16	1003.71
1286.69	996.38
1287.23	1001.56
1287.77	997.713
1288.3	994.713
1288.84	1013.62
1289.38	1002.38
1289.91	997.998
1290.45	1021.11
1290.99	971.38
1291.52	1016.38
1292.06	1004.97
1292.59	1001.71
1293.13	996.38
1293.67	999.713
1294.2	1007.71
1294.74	991.38
1295.28	1014.71
1295.81	997.915
1296.35	1004.71
1296.88	989.38
1297.42	977.38
1297.95	1002.18
1298.49	1004.38
1299.03	973.38
1299.56	978.047
1300.1	985.38
1300.63	1000.38
1301.17	999.047
1301.7	972.713
1302.24	1014.49
1302.77	988.38
1303.31	992.047
1303.85	964.047
1304.38	969.047
1304.92	999.047
1305.45	962.713
1305.99	999.047
1306.52	1000.02
1307.06	976.713
1307.59	970.713
1308.13	954.38
1308.66	955.047
1309.2	982.047
1309.73	951.713
1310.27	993.713
1310.8	984.543
1311.34	943.38
1311.87	973.38
1312.4	990.05
1312.94	986.747
1313.48	988.095
1314.01	990.047
1314.54	975.713
1315.08	971.713
1315.61	990.979
1316.15	996.278
1316.68	984.713
1317.22	949.047
1317.75	988.375
1318.28	978.36
1318.82	964.713
1319.35	973.713
1319.89	966.047
1320.42	968.047
1320.96	968.367
1321.49	973.787
1322.02	964.713
1322.56	959.38
1323.09	968.38
1323.63	943.663
1324.16	952.729
1324.69	969.596
1325.23	947.713
1325.76	976.713
1326.29	983.302
1326.83	972.38
1327.36	978.047
1327.9	958.38
1328.43	952.38
1328.96	997.713
1329.5	991.38
1330.03	951.047
1330.56	970.38
1331.09	987.04
1331.63	985.987
1332.16	972.399
1332.69	986.948
1333.23	972.662
1333.76	977.635
1334.29	980.499
1334.83	950.903
1335.36	963.263
1335.89	977.641
1336.43	966.416
1336.96	961.308
1337.49	950.74
1338.03	987.829
1338.56	962.266
1339.09	958.928
1339.62	978.561
1340.16	938.408
1340.69	979.479
1341.22	977.124
1341.75	950.599
1342.29	964.444
1342.82	975.562
1343.35	961.047
1343.88	962.609
1344.42	962.172
1344.95	970.172
1345.48	967.585
1346.01	954.103
1346.54	959.215
1347.08	960.018
1347.61	950.761
1348.14	958.29
1348.67	954.624
1349.2	960.158
1349.74	943.701
1350.27	967.403
1350.8	947.01
1351.33	975.243
1351.86	956.332
1352.4	966.488
1352.93	966.377
1353.46	971.199
1353.99	967.598
1354.52	941.73
1355.05	956.499
1355.58	969.565
1356.12	980.742
1356.65	944.192
1357.18	966.67
1357.71	949.203
1358.24	963.785
1358.77	969.859
1359.3	951.834
1359.84	972.241
1360.37	946.241
1360.9	944.871
1361.43	960.091
1361.96	940.078
1362.49	943.766
1363.02	957.596
1363.55	931.636
1364.08	964.814
1364.61	956.404
1365.14	948.799
1365.68	945.69
1366.21	949.268
1366.74	956.826
1367.27	951.112
1367.8	944.948
1368.33	961.125
1368.86	940.592
1369.39	952.47
1369.92	935.984
1370.45	957.31
1370.98	954.448
1371.51	964.356
1372.04	959.444
1372.57	958.533
1373.1	946.57
1373.63	954.389
1374.16	946.083
1374.69	945.449
1375.22	956.99
1375.75	962.038
1376.28	943.714
1376.81	951.181
1377.34	942.586
1377.87	951.023
1378.4	938.161
1378.93	949.766
1379.46	948.702
1379.99	937.592
1380.52	936.465
1381.05	952.68
1381.58	942.039
1382.11	954.789
1382.64	949.793
1383.17	940.279
1383.7	931.073
1384.23	927.76
1384.76	953.309
1385.28	941.563
1385.82	958.516
1386.34	928.097
1386.87	947.721
1387.4	924.764
1387.93	932.092
1388.46	954.699
1388.99	921.844
1389.52	932.521
1390.05	922.945
1390.58	925.584
1391.1	935.847
1391.63	947.696
1392.16	931.368
1392.69	931.116
1393.22	944.418
1393.75	924.233
1394.28	931.531
1394.8	942.387
1395.33	945.974
1395.86	945.672
1396.39	939.625
1396.92	947.444
1397.45	941.127
1397.98	937.063
1398.5	920.623
1399.03	950.424
1399.56	927.476
1400.09	920.078
1400.62	935.441
1401.14	943.471
1401.67	934.783
1402.2	931.906
1402.73	935.768
1403.26	930.987
1403.78	928.784
1404.31	936.18
1404.84	936.503
1405.37	929.314
1405.9	913.356
1406.42	931.34
1406.95	917.958
1407.48	921.227
1408.01	930.771
1408.53	935.985
1409.06	914.079
1409.59	938.659
1410.12	918.496
1410.64	934.414
1411.17	932.313
1411.7	944.721
1412.23	937.396
1412.75	948.528
1413.28	946.537
1413.81	933.71
1414.33	946.01
1414.86	944.806
1415.39	949.929
1415.92	951.151
1416.44	948.616
1416.97	891.765
1417.5	929.354
1418.02	942.943
1418.55	938.944
1419.08	927.612
1419.6	933.263
1420.13	935.711
1420.66	918.397
1421.18	924.698
1421.71	927.021
1422.24	926.691
1422.76	950.747
1423.29	945.077
1423.81	956.786
1424.34	938.377
1424.87	943.266
1425.39	952.525
1425.92	960.366
1426.45	946.103
1426.97	961.852
1427.5	968.229
1428.03	963.868
1428.55	957.881
1429.08	953.786
1429.6	968.489
1430.13	969.683
1430.66	970.299
1431.18	950.922
1431.71	968.5
1432.23	974.811
1432.76	962.838
1433.28	958.222
1433.81	940.767
1434.33	947.734
1434.86	951.283
1435.39	957.151
1435.91	947.413
1436.44	941.206
1436.96	938.7
1437.49	951.641
1438.01	946.19
1438.54	940.997
1439.06	939.526
1439.59	952.25
1440.11	966.994
1440.64	962.331
1441.16	987.052
1441.69	944.338
1442.21	959.113
1442.74	970.543
1443.26	966.21
1443.79	969.112
1444.31	952.801
1444.84	961.073
1445.36	955.423
1445.89	943.339
1446.41	963.648
1446.94	955.275
1447.46	969.98
1447.99	972.713
1448.51	968.866
1449.04	958.059
1449.56	961.316
1450.09	960.199
1450.61	954.735
1451.13	962.567
1451.66	973.331
1452.18	949.617
1452.71	965.995
1453.23	982.441
1453.75	954.863
1454.28	970.299
1454.8	968.589
1455.33	953.713
1455.85	962.251
1456.37	960.263
1456.9	976.052
1457.42	947.394
1457.95	946.685
1458.47	958.793
1458.99	955.011
1459.52	948.406
1460.04	959.634
1460.56	962.997
1461.09	952.769
1461.61	947.252
1462.14	955.521
1462.66	954.684
1463.18	946.36
1463.7	927.21
1464.23	939.78
1464.75	935.667
1465.28	944.243
1465.8	938.731
1466.32	943.945
1466.84	941.524
1467.37	947.586
1467.89	948.539
1468.42	949.076
1468.94	925.432
1469.46	921.485
1469.98	927.765
1470.51	954.493
1471.03	931.88
1471.55	930.079
1472.08	926.494
1472.6	938.563
1473.12	907.338
1473.64	926.403
1474.17	908.914
1474.69	906.224
1475.21	932.753
1475.73	895.234
1476.26	912.85
1476.78	934.863
1477.3	934.74
1477.82	931.675
1478.35	941.346
1478.87	923.518
1479.39	941.025
1479.91	932.186
1480.43	930.739
1480.96	920.474
1481.48	909.747
1482	904.037
1482.52	916.1
1483.04	902.297
1483.57	892.584
1484.09	932.717
1484.61	920.623
1485.13	921.379
1485.65	917.764
1486.17	901.096
1486.7	926.073
1487.22	927.086
1487.74	917.106
1488.26	906.18
1488.78	931.469
1489.3	899.404
1489.83	932.046
1490.35	924.823
1490.87	934.104
1491.39	923.188
1491.91	906.947
1491.99	929.281
1492.52	896.281
1493.04	898.947
1493.57	896.599
1494.09	917.281
1494.61	902.947
1495.14	918.614
1495.66	904.555
1496.19	910.947
1496.71	922.525
1497.23	909.281
1497.76	892.614
1498.28	903.947
1498.8	921.748
1499.33	912.614
1499.85	914.947
1500.37	913.001
1500.9	927.641
1501.42	920.281
1501.94	918.947
1502.47	912.614
1502.99	906.947
1503.52	889.947
1504.04	903.947
1504.56	928.651
1505.08	902.947
1505.61	911.369
1506.13	901.614
1506.65	907.64
1507.18	926.625
1507.7	908.917
1508.22	919.281
1508.75	900.614
1509.27	923.281
1509.79	901.614
1510.32	898.947
1510.84	913.614
1511.36	912.947
1511.88	932.281
1512.41	922.947
1512.93	916.281
1513.45	903.559
1513.98	910.868
1514.5	907.259
1515.02	922.281
1515.54	927.817
1516.06	900.281
1516.59	918.281
1517.11	901.281
1517.63	924.746
1518.15	914.947
1518.68	897.281
1519.2	889.281
1519.72	920.867
1520.24	915.281
1520.76	886.947
1521.29	913.614
1521.81	938.947
1522.33	912.614
1522.85	921.485
1523.37	910.281
1523.9	927.7
1524.42	947.005
1524.94	928.67
1525.46	936.263
1525.98	933.553
1526.5	905.281
1527.03	922.947
1527.55	931.947
1528.07	895.947
1528.59	907.614
1529.11	907.614
1529.63	926.614
1530.16	931.614
1530.68	915.281
1531.2	905.614
1531.72	918.614
1532.24	896.947
1532.76	927.614
1533.28	919.947
1533.8	921.614
1534.32	922.281
1534.85	925.614
1535.37	903.614
1535.89	909.614
1536.41	906.947
1536.93	937.947
1537.45	935.281
1537.97	907.614
1538.49	917.281
1539.01	931.281
1539.53	918.281
1540.05	947.128
1540.58	941.715
1541.1	931.501
1541.62	947.629
1542.14	939.614
1542.66	942.947
1543.18	932.614
1543.7	932.947
1544.22	974.281
1544.74	990.614
1545.26	968.281
1545.78	1034.28
1546.3	1049.28
1546.82	1064.95
1547.34	1089.95
1547.86	1121.53
1548.38	1137.6
1548.9	1181.21
1549.42	1198.78
1549.94	1203.49
1550.46	1174.74
1550.98	1114.68
1551.5	1105.95
1552.02	1089.21
1552.54	1060.4
1553.06	1003.95
1553.58	963.947
1554.1	918.614
1554.62	932.614
1555.14	906.947
1555.66	919.614
1556.18	926.281
1556.69	893.947
1557.21	904.551
1557.73	915.281
1558.25	918.391
1558.77	905.947
1559.29	916.686
1559.81	905.614
1560.33	895.614
1560.85	921.947
1561.37	913.947
1561.89	925.888
1562.41	955.488
1562.93	926.047
1563.44	942.645
1563.96	925.785
1564.48	911.48
1565	935.961
1565.52	959.469
1566.04	954.144
1566.56	919.281
1567.08	894.614
1567.59	913.614
1568.11	926.614
1568.63	912.281
1569.15	909.614
1569.67	895.947
1570.19	931.5
1570.71	910.947
1571.22	911.281
1571.74	920.806
1572.26	931.947
1572.78	918.36
1573.3	928.797
1573.82	920.614
1574.33	933.614
1574.85	903.256
1575.37	946.281
1575.89	900.614
1576.4	908.332
1576.92	922.281
1577.44	921.614
1577.96	930.157
1578.48	919.784
1579	903.947
1579.51	930.749
1580.03	912.281
1580.55	898.947
1581.07	907.281
1581.58	913.281
1582.1	920.947
1582.62	873.947
1583.14	898.947
1583.65	909.281
1584.17	921.367
1584.69	927.947
1585.2	930.947
1585.72	922.281
1586.24	928.973
1586.76	921.12
1587.27	885.281
1587.79	908.947
1588.31	909.614
1588.83	917.614
1589.34	908.757
1589.86	902.281
1590.38	898.947
1590.89	905.114
1591.41	909.614
1591.93	914.041
1592.44	911.058
1592.96	913.947
1593.48	922.947
1593.99	920.281
1594.51	920.281
1595.03	900.281
1595.54	910.281
1596.06	898.947
1596.58	924.614
1597.09	921.947
1597.61	915.614
1598.13	945.281
1598.64	907.947
1599.16	934.281
1599.68	925.947
1600.19	927.947
