3291
2300.2	2076.6
2300.67	1978.6
2301.14	2045.6
2301.61	2034.26
2302.08	2031.6
2302.56	2005.26
2303.03	2049.26
2303.5	2048.8
2303.97	2053.31
2304.45	2058.6
2304.92	2033.79
2305.39	2033.39
2305.86	2052.6
2306.33	2002.6
2306.81	2060.93
2307.28	2034.26
2307.75	2034.6
2308.22	2059.93
2308.7	2039.6
2309.17	2058.26
2309.64	2052.6
2310.11	2065.26
2310.58	2036.6
2311.06	2051.93
2311.53	2029.93
2312	2060.93
2312.47	2066.93
2312.94	2078.26
2313.41	2113.26
2313.88	2126.26
2314.36	2157.6
2314.83	2186.26
2315.3	2231.26
2315.77	2304.93
2316.24	2417.93
2316.71	2557.93
2317.19	2662.93
2317.66	2809.11
2318.13	2940.89
2318.6	3085.75
2319.07	3360.96
2319.54	3351.07
2320.01	3446.37
2320.48	3331.04
2320.96	3039.13
2321.43	2794.23
2321.9	2641.6
2322.37	2463.93
2322.84	2346.26
2323.31	2212.26
2323.78	2119.93
2324.25	2050.6
2324.72	2053.26
2325.19	2048.6
2325.67	2032.35
2326.14	2025.93
2326.61	1962.93
2327.08	2020.93
2327.55	1981.26
2328.02	2030.93
2328.49	1994.6
2328.96	2021.6
2329.43	2018.6
2329.9	2008.93
2330.37	2027.93
2330.84	2006.6
2331.31	2008.26
2331.78	1998.6
2332.25	1981.93
2332.72	2013.6
2333.19	1980.93
2333.66	1993.26
2334.13	1993.26
2334.6	2026.93
2335.07	2011.6
2335.54	1996.93
2336.01	1999.6
2336.48	1993.93
2336.95	1994.93
2337.42	1990.93
2337.89	2017.26
2338.36	2010.26
2338.83	2023
2339.3	2021.93
2339.77	2011.26
2340.24	2025.93
2340.71	1964.93
2341.18	2023.6
2341.65	1997.6
2342.12	1988.93
2342.59	2018.26
2343.06	2015.6
2343.53	2035.93
2344	1993.93
2344.47	1980.93
2344.94	2023.26
2345.41	2015.93
2345.88	2005.26
2346.35	2015.6
2346.82	2006.97
2347.29	2004.6
2347.75	1977.6
2348.22	2009.26
2348.69	2000.26
2349.16	2036.6
2349.63	1978.14
2350.1	2032.32
2350.57	1996.93
2351.04	1976.26
2351.51	1966.6
2351.98	1989.6
2352.45	2027.6
2352.91	2000.61
2353.38	1984.26
2353.85	2004.26
2354.32	1992.6
2354.79	1987.26
2355.26	2033.93
2355.73	1986.93
2356.19	1995.93
2356.66	2021.6
2357.13	1977.6
2357.6	2016.93
2358.07	1994.93
2358.54	1999.26
2359.01	1997.6
2359.47	1972.6
2359.94	1992.93
2360.41	1974.6
2360.88	2016.93
2361.35	1974.26
2361.82	1994.93
2362.28	2032.26
2362.75	1973.93
2363.22	2004.93
2363.69	1988.6
2364.16	2004.26
2364.62	2000.26
2365.09	1992.26
2365.56	2002.26
2366.03	1984.6
2366.5	2004.93
2366.96	2001.6
2367.43	2021.93
2367.9	1987.6
2368.37	2003.26
2368.84	2002.26
2369.3	2011.6
2369.77	1989.6
2370.24	1985.26
2370.71	2010.6
2371.17	2008.93
2371.64	1979.26
2372.11	1983.93
2372.58	2007.43
2373.04	2022.85
2373.51	1896.93
2373.98	1998.93
2374.45	2003.93
2374.91	1995.6
2375.38	2012.26
2375.85	2001.93
2376.31	1995.6
2376.78	2007.26
2377.25	1987.6
2377.72	1997.6
2378.18	1973.93
2378.65	2020.26
2379.12	1992.93
2379.58	1997.93
2380.05	1998.93
2380.52	2003.6
2380.98	2001.6
2381.45	1980.6
2381.92	1973.26
2382.39	1992.6
2382.85	1987.93
2383.32	1965.93
2383.79	1998.93
2384.25	1994.93
2384.72	1998.93
2385.19	1981.93
2385.65	1992.26
2386.12	2027.6
2386.59	1976.93
2387.05	1983.26
2387.52	1983.93
2387.98	1985.49
2388.45	1950.16
2388.92	1974.93
2389.38	1932.93
2389.85	1979.18
2390.32	1959.19
2390.78	1973.6
2391.25	1959.93
2391.71	1933.93
2392.18	1976.93
2392.65	1989.93
2393.11	1961.93
2393.58	1981.6
2394.05	1990.6
2394.51	1986.93
2394.98	1978.93
2395.44	1995.26
2395.91	1994.6
2396.37	2004.93
2396.84	1997.26
2397.31	1989.26
2397.77	1971.93
2398.24	1974.26
2398.7	1994.93
2399.17	2000.6
2399.63	2001.93
2400.1	1985.6
2400.57	2003.93
2401.03	1990.6
2401.5	2002.26
2401.96	1996.93
2402.43	2010.26
2402.89	1987.93
2403.36	1990.6
2403.82	1974.93
2404.29	2007.93
2404.75	1967.93
2405.22	2003.93
2405.68	1966.26
2406.15	2009.87
2406.61	2004.6
2407.08	2002.26
2407.54	1974.6
2408.01	1971.93
2408.47	1991.26
2408.94	1991.26
2409.4	2012.93
2409.87	1966.26
2410.33	1999.93
2410.8	2005.26
2411.26	1993.26
2411.73	1987.93
2412.19	1967.26
2412.66	2005.6
2413.12	1997.6
2413.59	1988.93
2414.05	1983.6
2414.52	1959.6
2414.98	1946.26
2415.44	1964.6
2415.91	1986.93
2416.37	1986.93
2416.84	1995.83
2417.3	1998.93
2417.76	1999.26
2418.23	1962.26
2418.69	1978.93
2419.16	1984.6
2419.62	1993.6
2420.09	1963.6
2420.55	1965.6
2421.01	1981.26
2421.48	1979.6
2421.94	1982.6
2422.41	1958.26
2422.87	1967.93
2423.33	1979.26
2423.8	1979.93
2424.26	1967.26
2424.73	1993.93
2425.19	1991.6
2425.65	2002.93
2426.12	1975.6
2426.58	1992.26
2427.04	2001.93
2427.51	1961.93
2427.97	1978.93
2428.44	1983.93
2428.9	1995.93
2429.36	1969.93
2429.82	2012.26
2430.29	1989.26
2430.75	1981.93
2431.22	1980.6
2431.68	2009.93
2432.14	1967.26
2432.61	1997.11
2433.07	1986.26
2433.53	1986.93
2433.99	1998.93
2434.46	1993.93
2434.92	1955.93
2435.38	1957.93
2435.85	1949.26
2436.31	1969.26
2436.77	1998.93
2437.24	1959.6
2437.7	1982.93
2438.16	1969.26
2438.62	1977.26
2439.09	2005.93
2439.55	1974.6
2440.01	1992.93
2440.48	1983.93
2440.94	1964.93
2441.4	1962.26
2441.86	1987.93
2442.33	1968.26
2442.79	2002.6
2443.25	1996.6
2443.71	1958.93
2444.18	1970.93
2444.64	1982.35
2445.1	1957.04
2445.56	1984.93
2446.03	1960.93
2446.49	1973.6
2446.95	1981.93
2447.41	1944.26
2447.87	1967.93
2448.34	1978.6
2448.8	1985.26
2449.26	1972.93
2449.72	1952.26
2450.18	1963.26
2450.65	1954.6
2451.11	1964.6
2451.57	1961.26
2452.03	1983.6
2452.49	1953.6
2452.96	1961.26
2453.42	1990.93
2453.88	1983.93
2454.34	1989.26
2454.8	1965.6
2455.26	1974.6
2455.73	1986.6
2456.19	1967.6
2456.65	1964.6
2457.11	1985.26
2457.57	1965.6
2458.03	1987.26
2458.5	1968.26
2458.96	1950.26
2459.42	1952.6
2459.88	1983.6
2460.34	1987.93
2460.8	1948.93
2461.26	1979.6
2461.72	1954.6
2462.18	1961.93
2462.65	1949.26
2463.11	2002.6
2463.57	1984.93
2464.03	1977.93
2464.49	1946.26
2464.95	1981.6
2465.41	1981.6
2465.87	1961.6
2466.34	1973.26
2466.8	1969.26
2467.26	1963.6
2467.72	1975.26
2468.18	1981.93
2468.64	1976.26
2469.1	1955.93
2469.56	1968.26
2470.02	1970.26
2470.48	1965.6
2470.94	1987.93
2471.4	1942.26
2471.86	1991.93
2472.32	1986.6
2472.78	1967.26
2473.24	1993.26
2473.7	1992.93
2474.16	1974.93
2474.62	1974.93
2475.08	1974.93
2475.54	1984.93
2476	1976.93
2476.47	1964.93
2476.93	1964.26
2477.39	1951.26
2477.85	1999.6
2478.31	1962.6
2478.77	1964.93
2479.23	1988.6
2479.68	1975.6
2480.14	1956.93
2480.61	1967.26
2481.07	1977.6
2481.53	1948.93
2481.98	1971.93
2482.44	1984.26
2482.9	1954.93
2483.36	1979.26
2483.82	1958.6
2484.28	1955.6
2484.74	1954.93
2485.2	1962.6
2485.66	1958.26
2486.12	1969.6
2486.58	1937.6
2487.04	1962.6
2487.5	1979.93
2487.96	1972.93
2488.42	1975.6
2488.88	1981.26
2489.34	1988.93
2489.8	1972.26
2490.26	1965.6
2490.71	1966.68
2491.17	1946.92
2491.63	1974.6
2492.09	1954.93
2492.55	1966.26
2493.01	1966.26
2493.47	1983.26
2493.93	1961.26
2494.39	1973.93
2494.84	1987.6
2495.3	1941.26
2495.76	1953.93
2496.22	1963.93
2496.68	1939.6
2497.14	1964.6
2497.6	1954.93
2498.06	1990.26
2498.51	1946.26
2498.97	1962.93
2499.43	1989.26
2499.89	1976.93
2500.35	1978.6
2500.81	1958.6
2501.26	1938.93
2501.72	1956.93
2502.18	1962.26
2502.64	1953.26
2503.1	1988.93
2503.56	1988.6
2504.02	1952.6
2504.47	1983.6
2504.93	1968.93
2505.39	1951.6
2505.85	1972.93
2506.31	1951.93
2506.76	1956.72
2507.22	1985.05
2507.68	1948.6
2508.14	1965.6
2508.59	1958.93
2509.05	1963.6
2509.51	1980.93
2509.97	1976.93
2510.43	1969.26
2510.88	1963.6
2511.34	1969.6
2511.8	1964.93
2512.26	1952.03
2512.71	1949.26
2513.17	1957.93
2513.63	1958.6
2514.09	1965.93
2514.55	1965.6
2515	1985.93
2515.46	1956.93
2515.92	1942.93
2516.37	1973.93
2516.83	1942.93
2517.29	1920.6
2517.75	1945.6
2518.2	1981.6
2518.66	1976.8
2519.12	1960.89
2519.57	1956.59
2520.03	1966.74
2520.49	1958.6
2520.95	1976.86
2521.4	1960.26
2521.86	1950.6
2522.32	1969.6
2522.77	1987.93
2523.23	1939.93
2523.69	1917.26
2524.14	1925.6
2524.6	1950.93
2525.06	1965.93
2525.51	1967.26
2525.97	1931.93
2526.43	1961.26
2526.88	1948.6
2527.34	1978.93
2527.8	1961.93
2528.25	1971.93
2528.71	1943.26
2529.17	1956.6
2529.62	1945.93
2530.08	1955.26
2530.54	1951.93
2530.99	1941.93
2531.45	2007.96
2531.9	2015.75
2532.36	2020.48
2532.82	2015.03
2533.27	2021.74
2533.73	1922.26
2534.19	1970.6
2534.64	1954.6
2535.1	2005.4
2535.55	1987.93
2536.01	1930.93
2536.47	1940.93
2536.92	1952.26
2537.38	1986.26
2537.83	1937.6
2538.29	1958.93
2538.74	1954.93
2539.2	1939.6
2539.65	1922.6
2540.11	1957.26
2540.57	1943.93
2541.02	1924.93
2541.48	1952.93
2541.93	1935.6
2542.39	1930.6
2542.84	1957.6
2543.3	1957.93
2543.75	1983.6
2544.21	1950.6
2544.67	1970.26
2545.12	1942.93
2545.58	1938.26
2546.03	1926.26
2546.49	1936.6
2546.94	1957.26
2547.4	1954.26
2547.85	1928.93
2548.31	1939.26
2548.76	1937.6
2549.22	1971.93
2549.67	1939.6
2550.13	1951.93
2550.58	1954.6
2551.04	1935.6
2551.49	1961.93
2551.95	1948.26
2552.4	1961.6
2552.86	1956.6
2553.31	1952.26
2553.77	1934.93
2554.22	1945.26
2554.67	1965.93
2555.13	1955.93
2555.58	1949.26
2556.04	1922.93
2556.49	1937.6
2556.95	1927.43
2557.4	1939.96
2557.86	1952.26
2558.31	1919.26
2558.76	1938.6
2559.22	1962.26
2559.67	1929.26
2560.13	1965.93
2560.58	1942.93
2561.03	1945.6
2561.49	1923.6
2561.94	1932.26
2562.4	1924.26
2562.85	1923.93
2563.31	1936.93
2563.76	1947.93
2564.21	1927.26
2564.67	1904.6
2565.12	1954.26
2565.57	1944.6
2566.03	1925.93
2566.48	1938.6
2566.94	1950.26
2567.39	1917.93
2567.84	1947.93
2568.3	1935.26
2568.75	1920.6
2569.2	1935.93
2569.66	1915.6
2570.11	1950.26
2570.56	1960.6
2571.02	1919.26
2571.47	1930.6
2571.93	1927.93
2572.38	1950.6
2572.83	1962.6
2573.28	1935.6
2573.74	1917.6
2574.19	1920.26
2574.65	1917.26
2575.1	1938.93
2575.55	1926.93
2576.01	1899.93
2576.46	1914.6
2576.91	1914.6
2577.36	1929.6
2577.82	1932.93
2578.27	1955.26
2578.72	1907.26
2579.18	1941.26
2579.63	1930.26
2580.08	1926.26
2580.53	1906.6
2580.99	1922.6
2581.44	1923.26
2581.89	1942.26
2582.35	1943.26
2582.8	1937.93
2583.25	1928.26
2583.7	1929.6
2584.16	1939.26
2584.61	1958.93
2585.06	1917.93
2585.51	1928.93
2585.96	1936.93
2586.42	1938.26
2586.87	1898.6
2587.32	1925.6
2587.77	1939.6
2588.23	1920.6
2588.68	1928.6
2589.13	1945.93
2589.58	1951.26
2590.04	1914.93
2590.49	1903.93
2590.94	1948.93
2591.39	1950.35
2591.84	1932.44
2592.29	1940.81
2592.75	1923.93
2593.2	1917.26
2593.65	1927.26
2594.1	1905.26
2594.55	1949.93
2595.01	1927.26
2595.46	1933.26
2595.91	1943.6
2596.36	1910.26
2596.81	1917.93
2597.26	1919.6
2597.72	1938.93
2598.17	1943.6
2598.62	1927.6
2599.07	1882.26
2599.52	1914.93
2599.97	1930.06
2600.42	1921.93
2600.88	1915.26
2601.33	1926.93
2601.78	1936.6
2602.23	1907.26
2602.68	1947.93
2603.13	1908.93
2603.58	1891.93
2604.03	1911.93
2604.49	1919.26
2604.94	1906.93
2605.39	1922.93
2605.84	1894.26
2606.29	1909.6
2606.74	1926.6
2607.19	1914.26
2607.64	1923.26
2608.09	1903.6
2608.54	1911.6
2608.99	1910.93
2609.44	1925.26
2609.9	1953.26
2610.35	1898.6
2610.8	1928.26
2611.25	1900.6
2611.7	1918.26
2612.15	1925.26
2612.6	1930.93
2613.05	1937.26
2613.5	1927.93
2613.95	1911.26
2614.4	1928.26
2614.85	1902.6
2615.3	1947.6
2615.75	1903.93
2616.2	1920.93
2616.65	1893.6
2617.1	1900.93
2617.55	1904.26
2618	1935.93
2618.45	1882.6
2618.9	1925.93
2619.35	1911.93
2619.8	1895.6
2620.25	1928.26
2620.7	1926.26
2621.15	1907.93
2621.6	1876.93
2622.05	1897.93
2622.5	1909.6
2622.95	1906.26
2623.4	1896.93
2623.85	1931.26
2624.3	1910.26
2624.75	1915.93
2625.2	1900.26
2625.65	1912.6
2626.1	1914.26
2626.55	1892.26
2627	1891.6
2627.45	1915.6
2627.9	1889.6
2628.35	1910.26
2628.8	1913.6
2629.25	1873.26
2629.69	1903.26
2630.14	1919.93
2630.59	1919.6
2631.04	1889.93
2631.49	1905.67
2631.94	1935.97
2632.39	1911.91
2632.84	1887.78
2633.29	1908.62
2633.74	1918.13
2634.19	1908.28
2634.64	1925.66
2635.08	1898.29
2635.53	1908.34
2635.98	1915.09
2636.43	1905.27
2636.88	1894.4
2637.33	1868.63
2637.78	1916.06
2638.22	1892.57
2638.67	1931.2
2639.12	1904.97
2639.57	1917.73
2640.02	1909.37
2640.47	1912.46
2640.92	1893.88
2641.36	1914.87
2641.81	1902
2642.26	1923.88
2642.71	1924.35
2643.16	1915.07
2643.61	1904.38
2644.05	1902.2
2644.5	1911.38
2644.95	1906.58
2645.4	1889.97
2645.85	1880.42
2646.3	1900.38
2646.74	1907.92
2647.19	1880.35
2647.64	1899.9
2648.09	1924.35
2648.54	1902.01
2648.98	1916.79
2649.43	1908.68
2649.88	1906.1
2650.33	1894.68
2650.78	1902.53
2651.22	1914.05
2651.67	1907.44
2652.12	1906.67
2652.57	1907.6
2653.01	1917.45
2653.46	1900.57
2653.91	1915.5
2654.36	1919.26
2654.8	1881.86
2655.25	1913.02
2655.7	1909.36
2656.15	1913.43
2656.59	1896.04
2657.04	1913.04
2657.49	1890.98
2657.94	1896.3
2658.38	1929.43
2658.83	1915.04
2659.28	1891.5
2659.72	1899.28
2660.17	1883.83
2660.62	1871.88
2661.07	1894.97
2661.51	1904.79
2661.96	1908.99
2662.41	1906.81
2662.85	1906.21
2663.3	1902.55
2663.75	1889.02
2664.19	1891.18
2664.64	1893.06
2665.09	1900.68
2665.53	1900.59
2665.98	1924.29
2666.43	1903.11
2666.87	1915.5
2667.32	1895.95
2667.77	1926.75
2668.21	1896.76
2668.66	1921.66
2669.11	1908.02
2669.55	1910.81
2670	1882.89
2670.45	1905.94
2670.89	1923.49
2671.34	1911.1
2671.78	1891.72
2672.23	1902.52
2672.68	1893.72
2673.12	1894.07
2673.57	1891.62
2674.02	1903.4
2674.46	1898.8
2674.91	1894.18
2675.35	1902.53
2675.8	1911.32
2676.25	1899.99
2676.69	1881.73
2677.14	1901.12
2677.59	1905.61
2678.03	1903.36
2678.48	1906.06
2678.92	1913.3
2679.37	1894.61
2679.81	1889.53
2680.26	1891.68
2680.7	1899.86
2681.15	1892.87
2681.6	1888.49
2682.04	1899.97
2682.49	1899.97
2682.93	1914.99
2683.38	1902.81
2683.82	1888.5
2684.27	1889.95
2684.71	1905.77
2685.16	1905.15
2685.6	1914.78
2686.05	1882.32
2686.49	1879.49
2686.94	1905.38
2687.39	1911.77
2687.83	1917.24
2688.28	1904.68
2688.72	1922.3
2689.17	1899.15
2689.61	1903.72
2690.06	1893.79
2690.5	1890.19
2690.95	1881.68
2691.39	1914.26
2691.84	1892.04
2692.28	1883.49
2692.73	1910.12
2693.17	1907.26
2693.62	1894.25
2694.06	1880.42
2694.51	1895.87
2694.95	1902.52
2695.39	1905.3
2695.84	1903.73
2696.28	1908.81
2696.73	1898.73
2697.17	1911.28
2697.62	1892.31
2698.06	1928
2698.51	1895.78
2698.95	1886.99
2699.39	1919.72
2699.84	1908.38
2700.28	1931.9
2700.73	1911.23
2701.17	1908.08
2701.61	1890.54
2702.06	1900.1
2702.5	1909.6
2702.95	1893.53
2703.39	1853.17
2703.84	1934.99
2704.28	1910.55
2704.72	1897.75
2705.17	1918.1
2705.61	1914.06
2706.06	1921.68
2706.5	1911.51
2706.94	1902.85
2707.39	1916.37
2707.83	1919.85
2708.27	1914.74
2708.72	1897.11
2709.16	1916.35
2709.6	1921.23
2710.05	1920.48
2710.49	1906.21
2710.94	1898.04
2711.38	1912.8
2711.82	1919.64
2712.27	1914.52
2712.71	1922.07
2713.15	1885.66
2713.6	1910.8
2714.04	1917.07
2714.48	1920.62
2714.93	1906.72
2715.37	1898.65
2715.81	1906.38
2716.26	1924.23
2716.7	1892.2
2717.14	1896.4
2717.58	1856.01
2718.03	1873.66
2718.47	1880
2718.91	1877.8
2719.36	1911.44
2719.8	1896.81
2720.24	1887.98
2720.68	1890.94
2721.13	1881.73
2721.57	1885.96
2722.01	1870.02
2722.46	1903.19
2722.9	1890.89
2723.34	1877.27
2723.78	1870.96
2724.23	1896.95
2724.67	1910.62
2725.11	1904.17
2725.55	1894.19
2726	1898.96
2726.44	1896.19
2726.88	1901.92
2727.32	1899.02
2727.76	1910.35
2728.21	1892.76
2728.65	1868.06
2729.09	1892.2
2729.53	1890.58
2729.98	1876.97
2730.42	1885.18
2730.86	1898.51
2731.3	1892.27
2731.75	1875
2732.19	1897.88
2732.63	1886.67
2733.07	1852.85
2733.51	1872.6
2733.95	1876.55
2734.4	1894.85
2734.84	1879.74
2735.28	1871.77
2735.72	1885.76
2736.16	1892.42
2736.61	1898.16
2737.05	1882.44
2737.49	1872.84
2737.93	1883.17
2738.37	1886.65
2738.81	1884.57
2739.25	1852.04
2739.7	1884.61
2740.14	1888.27
2740.58	1899.98
2741.02	1878.97
2741.46	1862.22
2741.9	1860.81
2742.34	1893.59
2742.78	1851.63
2743.23	1878.9
2743.67	1881.83
2744.11	1879.64
2744.55	1872.48
2744.99	1883.76
2745.43	1880.52
2745.87	1879.95
2746.31	1882.97
2746.76	1878.49
2747.2	1864.06
2747.64	1899.39
2748.08	1871.09
2748.52	1854.84
2748.96	1890.43
2749.4	1852.53
2749.84	1889.03
2750.28	1866.6
2750.72	1892.21
2751.16	1863.75
2751.6	1862.39
2752.04	1885.8
2752.49	1851.02
2752.93	1847.19
2753.36	1845.28
2753.81	1872.24
2754.25	1871.36
2754.69	1849.41
2755.13	1870.51
2755.57	1848.35
2756.01	1863.27
2756.45	1874.37
2756.89	1867.18
2757.33	1824.08
2757.77	1862.84
2758.21	1854.67
2758.65	1872.64
2759.09	1843.71
2759.53	1852.37
2759.97	1847.84
2760.41	1858.51
2760.85	1862.03
2761.29	1837.86
2761.73	1829.44
2762.17	1871.04
2762.61	1838.47
2763.05	1871.69
2763.49	1874.29
2763.93	1844.96
2764.37	1852.74
2764.78	1853.74
2765.22	1855.74
2765.66	1845.4
2766.11	1849.07
2766.55	1863.37
2766.99	1868.84
2767.44	1822.4
2767.88	1857.74
2768.32	1830.4
2768.76	1846.4
2769.2	1856.07
2769.64	1863.74
2770.09	1846.07
2770.53	1844.59
2770.97	1857.69
2771.41	1840.74
2771.85	1861.56
2772.3	1877.4
2772.74	1842.4
2773.18	1849.4
2773.62	1838.74
2774.06	1858.31
2774.51	1852.57
2774.95	1855.77
2775.39	1840.74
2775.83	1838.4
2776.27	1841.07
2776.71	1870.37
2777.16	1837.4
2777.6	1840.4
2778.04	1841.61
2778.48	1828.74
2778.92	1846.53
2779.36	1846.36
2779.8	1837.07
2780.24	1852.4
2780.69	1881.24
2781.13	1835.74
2781.57	1867.4
2782.01	1846.4
2782.45	1830.74
2782.89	1870.74
2783.33	1823.4
2783.78	1837.4
2784.22	1880.18
2784.66	1825.4
2785.1	1855.98
2785.54	1849.74
2785.98	1842.4
2786.42	1871.07
2786.86	1849.35
2787.3	1852.4
2787.74	1848.07
2788.18	1820.07
2788.62	1858.4
2789.07	1852.15
2789.51	1854.4
2789.95	1832.07
2790.39	1845.4
2790.83	1850.44
2791.27	1865.1
2791.71	1843.76
2792.15	1823.74
2792.59	1834.07
2793.03	1807.07
2793.47	1849.54
2793.91	1829.74
2794.35	1843.79
2794.79	1828.07
2795.23	1837.32
2795.67	1850.07
2796.11	1824.85
2796.55	1841.07
2796.99	1833.19
2797.43	1830.74
2797.87	1856.14
2798.31	1834.07
2798.75	1857.12
2799.19	1875.72
2799.63	1833.74
2800.07	1835.4
2800.51	1851.4
2800.95	1853.4
2801.39	1818.74
2801.83	1853.4
2802.27	1848.74
2802.71	1873.98
2803.15	1877.74
2803.59	1844.07
2804.03	1849.07
2804.47	1856.74
2804.91	1861.39
2805.35	1828.74
2805.79	1855.4
2806.23	1885.07
2806.67	1864.74
2807.11	1849.74
2807.55	1838.74
2807.99	1845.74
2808.42	1838.07
2808.86	1860.74
2809.3	1850.74
2809.74	1869.23
2810.18	1841.74
2810.62	1858.74
2811.06	1851.4
2811.5	1852.47
2811.94	1866.74
2812.38	1857.74
2812.82	1845.07
2813.26	1868.89
2813.7	1871.07
2814.13	1883.4
2814.57	2006.03
2815.01	1968.71
2815.45	2006.9
2815.89	1964.86
2816.33	2021.89
2816.77	2003.4
2817.21	1883.81
2817.64	1870.74
2818.08	1852.74
2818.52	1881.4
2818.96	1893.42
2819.4	1884.07
2819.84	1905.38
2820.28	1899.4
2820.71	1902.34
2821.15	1919.2
2821.59	1910.07
2822.03	1901.74
2822.47	1936.4
2822.91	1882.74
2823.34	1929.74
2823.78	1919.74
2824.22	1961.45
2824.66	1957.74
2825.1	1972.07
2825.54	1972.74
2825.97	1957.74
2826.41	2004.07
2826.85	2007.07
2827.29	1990.31
2827.73	2003.07
2828.16	2011.74
2828.6	2040.29
2829.04	2062.6
2829.48	2058.4
2829.91	2041.07
2830.35	2095.74
2830.79	2084.74
2831.23	2111.61
2831.67	2136.4
2832.1	2116.4
2832.54	2148.4
2832.98	2167.74
2833.42	2184.34
2833.86	2176.74
2834.29	2209.67
2834.73	2208.14
2835.17	2217.4
2835.6	2252.83
2836.04	2267.54
2836.48	2269.35
2836.92	2272.58
2837.35	2279.4
2837.79	2307.73
2838.23	2289.4
2838.67	2286.72
2839.1	2315.56
2839.54	2307.07
2839.98	2272.07
2840.41	2303.96
2840.85	2300.74
2841.29	2310.74
2841.73	2285.4
2842.16	2303.49
2842.6	2276.74
2843.04	2302.51
2843.47	2262.74
2843.91	2264.07
2844.35	2272.64
2844.78	2252.64
2845.22	2271.07
2845.66	2262.77
2846.09	2256.74
2846.53	2239.92
2846.97	2235.4
2847.4	2221.74
2847.84	2217.86
2848.28	2241.06
2848.71	2236.74
2849.15	2188.07
2849.59	2223.74
2850.02	2206.74
2850.46	2247.21
2850.9	2258.09
2851.33	2214.4
2851.77	2248.07
2852.2	2247.5
2852.64	2273.4
2853.08	2235.4
2853.51	2213.4
2853.95	2269.07
2854.39	2259.4
2854.82	2239.74
2855.26	2270.74
2855.69	2258.74
2856.13	2284.94
2856.57	2298.74
2857	2289.74
2857.44	2289.07
2857.87	2263.74
2858.31	2289.29
2858.75	2283.4
2859.18	2268.07
2859.62	2314.48
2860.05	2287.07
2860.49	2309.74
2860.92	2286.4
2861.36	2307.15
2861.8	2309.07
2862.23	2280.74
2862.67	2301.74
2863.1	2327.74
2863.54	2308.07
2863.97	2307.67
2864.41	2328.78
2864.84	2333.74
2865.28	2282.4
2865.71	2294.74
2866.15	2306.4
2866.59	2306.4
2867.02	2285.26
2867.46	2317.95
2867.89	2302.5
2868.33	2309.74
2868.76	2321.75
2869.2	2286.74
2869.63	2318.07
2870.07	2279.07
2870.5	2293.91
2870.94	2310.79
2871.37	2274.74
2871.81	2317.29
2872.24	2280.4
2872.68	2290.5
2873.11	2312.4
2873.54	2300.07
2873.98	2280.4
2874.42	2278.4
2874.85	2292.14
2875.28	2284.74
2875.72	2255.74
2876.15	2259.4
2876.59	2271.4
2877.02	2267.4
2877.46	2240.4
2877.89	2280.74
2878.33	2271.24
2878.76	2266.07
2879.19	2272.37
2879.63	2271.4
2880.06	2272.4
2880.5	2253.07
2880.93	2270.4
2881.37	2262.98
2881.8	2276.74
2882.24	2244.83
2882.67	2245.07
2883.1	2261.4
2883.54	2243.71
2883.97	2260.4
2884.41	2284.14
2884.84	2264.74
2885.27	2261.98
2885.71	2239.4
2886.14	2251.21
2886.58	2273.8
2887.01	2263.17
2887.44	2264.4
2887.88	2245.4
2888.31	2249.4
2888.74	2256.23
2889.18	2217.4
2889.61	2202.4
2890.04	2241.5
2890.48	2257.4
2890.91	2253.4
2891.35	2198.4
2891.78	2183.74
2892.21	2232.07
2892.65	2244.74
2893.08	2218.4
2893.51	2235.07
2893.95	2217.94
2894.38	2232.07
2894.81	2216.4
2895.25	2213.4
2895.68	2259.17
2896.11	2228.66
2896.54	2243.57
2896.98	2239.93
2897.41	2233.4
2897.85	2191.74
2898.28	2215.54
2898.71	2206.74
2899.14	2208.4
2899.58	2215.26
2900.01	2204.18
2900.44	2218.74
2900.88	2207.4
2901.31	2211.4
2901.74	2201.07
2902.17	2211.87
2902.61	2208.07
2903.04	2215.7
2903.47	2187.75
2903.91	2206.24
2904.34	2195.74
2904.77	2205.4
2905.2	2172.74
2905.64	2214.07
2906.07	2188.74
2906.5	2175.74
2906.93	2199.74
2907.37	2210.83
2907.8	2196.12
2908.23	2216.23
2908.66	2186.74
2909.09	2200.74
2909.53	2202.83
2909.96	2227.34
2910.39	2214.49
2910.82	2180.4
2911.26	2203.4
2911.69	2221.74
2912.12	2206.53
2912.55	2203.74
2912.98	2176.4
2913.42	2189.07
2913.85	2213.77
2914.28	2206.4
2914.71	2201.21
2915.14	2179.74
2915.57	2205.54
2916.01	2213.74
2916.44	2201.07
2916.87	2210.83
2917.3	2186.4
2917.74	2201
2918.17	2187.07
2918.6	2212.02
2919.03	2179.4
2919.46	2185.07
2919.89	2143.39
2920.32	2181.74
2920.76	2181.74
2921.19	2166.07
2921.62	2187.74
2922.05	2180.07
2922.48	2153.74
2922.91	2160.87
2923.34	2182.4
2923.78	2156.74
2924.21	2158.15
2924.64	2158.07
2925.07	2155.74
2925.5	2159.31
2925.93	2155.6
2926.36	2123.07
2926.79	2109.07
2927.22	2142.74
2927.66	2110.63
2928.09	2126.06
2928.52	2120.42
2928.95	2103.07
2929.38	2103.07
2929.81	2099.74
2930.24	2078.4
2930.67	2061.74
2931.1	2024.07
2931.53	2067.26
2931.96	2039.74
2932.39	2030.07
2932.82	2044.4
2933.25	2026.75
2933.69	2019.07
2934.12	2008.91
2934.55	2008.24
2934.98	2006.26
2935.41	1990.74
2935.84	1980.07
2936.27	2009.74
2936.7	2018.07
2937.13	1996.9
2937.56	1994.74
2937.99	1992.07
2938.42	1958.74
2938.85	1961.18
2939.28	1981.45
2939.71	1983.07
2940.14	1932.07
2940.57	1972.4
2941	1973.68
2941.43	1954.07
2941.86	1958.4
2942.29	1974.07
2942.72	1960.44
2943.15	1931.4
2943.58	1952.19
2944.01	1924.07
2944.44	1937.73
2944.87	1942.07
2945.3	1942.07
2945.73	1934.07
2946.16	1956.74
2946.59	1927.42
2947.02	1926.07
2947.45	1933.4
2947.88	1945.17
2948.31	1914.2
2948.74	1924.27
2949.17	1929.73
2949.6	1943.28
2950.02	1929.26
2950.45	1924.81
2950.88	1920.42
2951.31	1923.01
2951.74	1903.59
2952.17	1915.36
2952.6	1896.57
2953.03	1916.32
2953.46	1889.11
2953.89	1899.1
2954.32	1903.42
2954.75	1893.33
2955.18	1885.79
2955.61	1863.68
2956.03	1877.72
2956.46	1862.33
2956.89	1868.41
2957.32	1869.57
2957.75	1850.61
2958.18	1851.12
2958.61	1848.69
2959.04	1844.12
2959.47	1873.94
2959.89	1853.05
2960.32	1851.61
2960.75	1855.73
2961.18	1841.8
2961.61	1844.15
2962.04	1845.89
2962.47	1805.89
2962.89	1808.11
2963.32	1829.09
2963.75	1824.22
2964.18	1810.71
2964.61	1816.9
2965.04	1801.84
2965.46	1778.86
2965.89	1830.62
2966.32	1798.52
2966.75	1803.44
2967.18	1793.12
2967.61	1779.32
2968.03	1817.05
2968.46	1796.02
2968.89	1774.63
2969.32	1783.7
2969.75	1772.65
2970.17	1785.72
2970.6	1773.14
2971.03	1790.34
2971.46	1779.56
2971.89	1755.21
2972.31	1766.68
2972.74	1780.42
2973.17	1766.3
2973.6	1760.24
2974.03	1770.1
2974.45	1764.68
2974.88	1756.52
2975.31	1756.87
2975.74	1737.96
2976.16	1756.07
2976.59	1751.08
2977.02	1750.86
2977.45	1740.78
2977.87	1733.98
2978.3	1747.13
2978.73	1757.92
2979.16	1759.75
2979.58	1722.82
2980.01	1710.38
2980.44	1744.31
2980.86	1734.91
2981.29	1717.64
2981.72	1731.4
2982.15	1742.09
2982.57	1726.08
2983	1728.86
2983.43	1719.27
2983.86	1740.37
2984.28	1734.31
2984.71	1732.06
2985.14	1713.64
2985.56	1725.55
2985.99	1716.36
2986.42	1716.69
2986.84	1721.11
2987.27	1689.72
2987.7	1711.96
2988.12	1712.92
2988.55	1697.34
2988.98	1722.41
2989.4	1715.67
2989.83	1710.21
2990.26	1696.79
2990.68	1715.05
2991.11	1725.48
2991.54	1712.01
2991.96	1727.1
2992.39	1723.28
2992.82	1705.65
2993.24	1706.21
2993.67	1695.02
2994.1	1698.73
2994.52	1696.41
2994.95	1714.78
2995.37	1691.73
2995.8	1701.79
2996.23	1685.08
2996.65	1692.79
2997.08	1713.24
2997.51	1705.22
2997.93	1693.84
2998.36	1695.52
2998.78	1702.26
2999.21	1693.74
2999.64	1696.66
3000.06	1693.53
3000.49	1692.32
3000.91	1684.99
3001.34	1705.4
3001.76	1689.42
3002.19	1702.04
3002.62	1676.44
3003.04	1688.3
3003.47	1700.71
3003.89	1661.8
3004.32	1678.22
3004.74	1681.48
3005.17	1676.33
3005.6	1682.68
3006.02	1667.81
3006.45	1665.41
3006.87	1686.08
3007.3	1673.2
3007.72	1662.52
3008.15	1676.98
3008.57	1679.17
3009	1669
3009.42	1669.87
3009.85	1667.18
3010.27	1659.17
3010.7	1666.15
3011.12	1662.79
3011.55	1665.06
3011.97	1661.43
3012.4	1646.88
3012.82	1667.55
3013.25	1664.99
3013.67	1652.88
3014.1	1660.86
3014.52	1645.72
3014.95	1657.81
3015.37	1636.04
3015.8	1658.37
3016.22	1649.42
3016.65	1654.23
3017.07	1617.65
3017.5	1659.38
3017.92	1657.71
3018.35	1641.91
3018.77	1655.6
3019.2	1666.09
3019.62	1668.74
3020.04	1654.99
3020.47	1654.41
3020.89	1660.54
3021.32	1657.18
3021.74	1664.06
3022.17	1653.54
3022.59	1650.85
3023.02	1660.3
3023.44	1652.38
3023.86	1662.64
3024.29	1663.99
3024.71	1636.58
3025.14	1639.6
3025.56	1655.3
3025.98	1632.2
3026.41	1643.05
3026.83	1650.13
3027.26	1655.69
3027.68	1647.99
3028.11	1645.16
3028.53	1646.34
3028.95	1636.9
3029.38	1634.97
3029.8	1635.44
3030.22	1629.4
3030.65	1596.68
3031.07	1621.54
3031.5	1594.15
3031.92	1599.83
3032.34	1616.8
3032.77	1605.48
3033.19	1592.25
3033.61	1607.88
3034.04	1606.34
3034.46	1610.31
3034.88	1613.54
3035.31	1618.42
3035.73	1614.25
3036.15	1602.61
3036.58	1639.36
3037	1617.13
3037.42	1618.31
3037.85	1624.85
3038.27	1641.75
3038.69	1633.75
3039.12	1623.71
3039.54	1630.71
3039.96	1641
3040.39	1626.52
3040.81	1642.32
3041.23	1632.33
3041.66	1653.54
3042.08	1635.98
3042.5	1635.05
3042.92	1637.79
3043.35	1627.6
3043.77	1621.33
3044.19	1630.06
3044.61	1645.09
3045.04	1636.62
3045.46	1645.15
3045.88	1622.51
3046.31	1634.21
3046.73	1617.76
3047.15	1637.34
3047.57	1641.48
3048	1627.89
3048.42	1642.43
3048.84	1618.34
3049.26	1617.67
3049.69	1626.35
3050.11	1639.38
3050.53	1644.98
3050.95	1624.27
3051.38	1619.86
3051.8	1642.21
3052.22	1625.96
3052.64	1632.51
3053.06	1618.74
3053.49	1637.82
3053.91	1631.53
3054.33	1603.04
3054.75	1631.21
3055.18	1624.78
3055.6	1617.28
3056.02	1617.64
3056.44	1622.46
3056.86	1629.99
3057.28	1610.16
3057.71	1613.98
3058.13	1613.16
3058.55	1616.04
3058.97	1632.35
3059.39	1599.38
3059.82	1623.92
3060.24	1614.21
3060.66	1619.99
3061.08	1609.14
3061.5	1627.26
3061.92	1623.6
3062.34	1603.29
3062.77	1625.94
3063.19	1604.77
3063.61	1617.96
3064.03	1595.43
3064.45	1638.38
3064.87	1631.5
3065.29	1607.99
3065.72	1640.6
3066.14	1618.51
3066.56	1629.13
3066.98	1628.19
3067.4	1611.2
3067.82	1604.97
3068.24	1615.94
3068.66	1618.65
3069.08	1609.93
3069.51	1592
3069.93	1610.89
3070.35	1611.68
3070.77	1609.9
3071.19	1618.83
3071.61	1599.79
3072.03	1612.89
3072.45	1614.38
3072.87	1626.32
3073.29	1584.67
3073.71	1576.66
3074.13	1610.53
3074.56	1603.33
3074.98	1603.58
3075.4	1580.3
3075.82	1602.02
3076.24	1613.8
3076.66	1606.8
3076.87	1610.93
3077.29	1586.53
3077.72	1594.87
3078.14	1602.23
3078.56	1569.2
3078.99	1611.06
3079.41	1586.2
3079.83	1596.87
3080.25	1612.2
3080.68	1614.29
3081.1	1601.79
3081.52	1600.87
3081.95	1593.2
3082.37	1599.87
3082.79	1594.53
3083.21	1602.87
3083.64	1593.53
3084.06	1556.2
3084.48	1576.2
3084.9	1592.25
3085.33	1584.56
3085.75	1588.9
3086.17	1565.12
3086.59	1618.21
3087.02	1578.2
3087.44	1596.53
3087.86	1583.71
3088.28	1553.53
3088.71	1577.89
3089.13	1595.53
3089.55	1597.2
3089.97	1586.99
3090.4	1601.37
3090.82	1591.94
3091.24	1597.99
3091.66	1573.2
3092.09	1605.99
3092.51	1578.02
3092.93	1584.04
3093.35	1555.2
3093.77	1607.34
3094.19	1588.2
3094.62	1595.59
3095.04	1567.53
3095.46	1579.98
3095.88	1567.63
3096.3	1582.88
3096.73	1567.53
3097.15	1569.53
3097.57	1560.2
3097.99	1576.2
3098.41	1557.87
3098.83	1564.53
3099.26	1580.17
3099.68	1568.2
3100.1	1577.53
3100.52	1582.53
3100.94	1573.17
3101.36	1578.74
3101.79	1576.46
3102.21	1575.87
3102.63	1566.2
3103.05	1579.1
3103.47	1552.53
3103.89	1574.7
3104.31	1569.87
3104.73	1570.02
3105.16	1570.43
3105.58	1572.81
3106	1574.53
3106.42	1568.87
3106.84	1575.26
3107.26	1588.22
3107.68	1572.87
3108.1	1564.87
3108.52	1570.87
3108.95	1561.72
3109.37	1551.87
3109.79	1570.53
3110.21	1576.2
3110.63	1583.79
3111.05	1572.87
3111.47	1589.51
3111.89	1562.26
3112.31	1574.96
3112.73	1577.33
3113.15	1585.2
3113.57	1532.53
3114	1559.2
3114.41	1553.2
3114.84	1561.09
3115.26	1592.73
3115.68	1560.55
3116.1	1551.53
3116.52	1558.2
3116.94	1537.53
3117.36	1540.53
3117.78	1575.09
3118.2	1559.88
3118.62	1554.99
3119.04	1559.2
3119.46	1566.79
3119.88	1557.2
3120.3	1565.62
3120.72	1569.49
3121.14	1573.86
3121.56	1544.53
3121.98	1546.87
3122.4	1554.53
3122.82	1556.97
3123.24	1550.87
3123.66	1549.2
3124.08	1545.58
3124.5	1563.2
3124.92	1548.34
3125.34	1548.87
3125.76	1576.75
3126.18	1520.87
3126.6	1548.87
3127.02	1551.87
3127.44	1551.91
3127.86	1553.93
3128.28	1551.17
3128.7	1560.23
3129.12	1548.2
3129.54	1546.04
3129.96	1557.2
3130.38	1530.2
3130.8	1553.38
3131.21	1525.87
3131.63	1522.2
3132.05	1548.2
3132.47	1516.53
3132.89	1538.87
3133.31	1549.87
3133.73	1550.54
3134.15	1553.81
3134.57	1537.87
3134.99	1546.2
3135.41	1533.53
3135.83	1546.87
3136.25	1532.25
3136.66	1540.7
3137.08	1532.53
3137.5	1533.51
3137.92	1532.87
3138.34	1542.95
3138.76	1529.53
3139.18	1525.2
3139.6	1525.37
3140.02	1532.88
3140.43	1517.53
3140.85	1539.87
3141.27	1511.53
3141.69	1546
3142.11	1524.59
3142.53	1546.14
3142.95	1558.59
3143.37	1524.44
3143.78	1541.53
3144.2	1528.29
3144.62	1526.63
3145.04	1525.87
3145.46	1511.53
3145.88	1543.87
3146.29	1522.26
3146.71	1537.67
3147.13	1541.15
3147.55	1531.87
3147.97	1543.35
3148.39	1504.87
3148.8	1507.53
3149.22	1537.85
3149.64	1504.87
3150.06	1536.2
3150.48	1520.87
3150.9	1502.53
3151.31	1539.2
3151.73	1540.53
3152.15	1509.23
3152.57	1504.42
3152.98	1537.04
3153.4	1519.24
3153.82	1536.2
3154.24	1520.08
3154.66	1530.2
3155.07	1527.53
3155.49	1518.2
3155.91	1534.52
3156.33	1510.53
3156.74	1527.21
3157.16	1504.53
3157.58	1510.2
3158	1509.87
3158.41	1517.87
3158.83	1531.4
3159.25	1524.49
3159.67	1531.79
3160.08	1519.53
3160.5	1529.18
3160.92	1522.74
3161.34	1529.2
3161.75	1522.87
3162.17	1500.37
3162.59	1507.53
3163.01	1503.53
3163.42	1516.49
3163.84	1513.2
3164.26	1514.08
3164.67	1504.2
3165.09	1502.53
3165.51	1501.97
3165.93	1503.73
3166.34	1535.21
3166.76	1504.45
3167.18	1493.2
3167.59	1493.2
3168.01	1510.84
3168.43	1512.63
3168.84	1521.27
3169.26	1503.28
3169.68	1509.98
3170.09	1489.14
3170.51	1494.58
3170.93	1511.2
3171.34	1476.2
3171.76	1493.53
3172.18	1502.2
3172.59	1495.87
3173.01	1487.68
3173.43	1498.87
3173.84	1516.56
3174.26	1516.34
3174.68	1506.97
3175.09	1490.7
3175.51	1508.3
3175.93	1508.47
3176.34	1512.57
3176.76	1508.2
3177.17	1500.2
3177.59	1475.53
3178.01	1468.2
3178.42	1509.26
3178.84	1511.17
3179.26	1490.87
3179.67	1500.76
3180.09	1493.96
3180.5	1449.2
3180.92	1507.75
3181.33	1509.01
3181.75	1491.53
3182.17	1503.53
3182.58	1492.87
3183	1497.57
3183.41	1498.93
3183.83	1507.84
3184.25	1500.87
3184.66	1508.2
3185.08	1484.2
3185.49	1501.74
3185.91	1513.22
3186.32	1501.53
3186.74	1498.2
3187.15	1489.58
3187.57	1510.29
3187.99	1499.2
3188.4	1505.61
3188.82	1506.53
3189.23	1473.53
3189.65	1481.2
3190.06	1472.2
3190.48	1502.53
3190.89	1500.2
3191.31	1492.53
3191.72	1497.53
3192.14	1504.87
3192.55	1473.87
3192.97	1506.11
3193.38	1489.87
3193.8	1482.9
3194.22	1493.2
3194.63	1476.87
3195.04	1502.26
3195.46	1472.2
3195.88	1476.09
3196.29	1487.87
3196.7	1480.87
3197.12	1496.2
3197.53	1494.87
3197.95	1488.04
3198.36	1448.87
3198.78	1509.25
3199.19	1475.2
3199.61	1488.89
3200.02	1503.76
3200.44	1477.53
3200.85	1479.87
3201.27	1470.2
3201.68	1467.87
3202.1	1481.2
3202.51	1466.2
3202.93	1485.66
3203.34	1493.62
3203.75	1490.2
3204.17	1480.43
3204.58	1471.87
3205	1487.26
3205.41	1478.4
3205.82	1488.82
3206.24	1475.2
3206.65	1459.87
3207.07	1473.87
3207.48	1470.2
3207.9	1472.3
3208.31	1490.53
3208.72	1481.36
3209.14	1467.53
3209.55	1444.2
3209.97	1483.98
3210.38	1454.22
3210.79	1483.27
3211.21	1448.2
3211.62	1436.87
3212.04	1477.2
3212.45	1464.83
3212.86	1473.16
3213.28	1447.53
3213.69	1482.28
3214.1	1490.17
3214.52	1466.65
3214.93	1472.16
3215.35	1447.2
3215.76	1463.53
3216.17	1471.78
3216.58	1477.49
3217	1461.2
3217.41	1439.87
3217.83	1448.87
3218.24	1431.87
3218.65	1464.53
3219.07	1458.69
3219.48	1472.5
3219.89	1458.2
3220.31	1456.3
3220.72	1468.58
3221.13	1467
3221.55	1443.97
3221.96	1432.2
3222.37	1437.87
3222.78	1448.72
3223.2	1435.2
3223.61	1446.63
3224.02	1448.87
3224.44	1439.87
3224.85	1451.17
3225.26	1456.23
3225.67	1428.2
3226.09	1437.53
3226.5	1446.75
3226.91	1454.76
3227.33	1428.2
3227.74	1455.72
3228.15	1434.53
3228.56	1447.87
3228.98	1436.53
3229.39	1428.53
3229.8	1438.27
3230.22	1436.53
3230.63	1425.87
3231.04	1437.65
3231.45	1436.87
3231.87	1441.27
3232.28	1444.85
3232.69	1436.53
3233.1	1418.47
3233.51	1423.85
3233.93	1414.2
3234.34	1425.87
3234.75	1436.2
3235.16	1429.2
3235.58	1431.92
3235.99	1431.87
3236.4	1445.27
3236.81	1436.9
3237.22	1441.44
3237.64	1417.53
3238.05	1413.53
3238.46	1416.2
3238.87	1421.2
3239.29	1439.2
3239.7	1444.18
3240.11	1426.2
3240.52	1416.2
3240.93	1430.53
3241.34	1428.55
3241.75	1412.53
3242.17	1418.2
3242.58	1421.96
3242.99	1415.2
3243.4	1416.2
3243.81	1429.45
3244.23	1414.94
3244.64	1406.87
3245.05	1418.1
3245.46	1409.53
3245.87	1423.43
3246.28	1403.87
3246.69	1411.46
3247.11	1417.2
3247.52	1412.2
3247.93	1406.41
3248.34	1431.98
3248.75	1412.81
3249.16	1419.79
3249.57	1419.53
3249.99	1390.53
3250.4	1412.2
3250.81	1397.71
3251.22	1392.53
3251.63	1406.06
3252.04	1411.3
3252.45	1401.57
3252.86	1388.78
3253.27	1398.26
3253.68	1369.65
3254.09	1401.87
3254.51	1410.32
3254.92	1411.74
3255.33	1397.58
3255.74	1402.41
3256.15	1398.13
3256.56	1387.76
3256.97	1386.76
3257.38	1402.43
3257.79	1405.23
3258.2	1390.09
3258.61	1399.92
3259.02	1390.35
3259.43	1400.64
3259.84	1388.51
3260.25	1378.55
3260.67	1385.65
3261.08	1403.96
3261.49	1378.71
3261.9	1395.7
3262.31	1375.84
3262.72	1387.82
3263.13	1381.78
3263.54	1384.23
3263.95	1394.27
3264.36	1391.77
3264.77	1397.2
3265.18	1394.34
3265.59	1377.89
3266	1380.25
3266.41	1397.81
3266.82	1391.3
3267.23	1380.14
3267.64	1399.51
3268.05	1395.06
3268.46	1402.89
3268.87	1363.02
3269.28	1379.62
3269.69	1381.46
3270.1	1394.04
3270.51	1377.22
3270.92	1360.97
3271.33	1391.34
3271.74	1385.71
3272.15	1377.73
3272.56	1399.93
3272.97	1379.61
3273.38	1379.28
3273.78	1391.99
3274.19	1388.37
3274.6	1379.73
3275.01	1365.84
3275.42	1381.14
3275.83	1378.94
3276.24	1381.56
3276.65	1359.31
3277.06	1375.79
3277.47	1373.42
3277.88	1369.05
3278.29	1355.49
3278.7	1371.5
3279.11	1364.47
3279.52	1373.53
3279.92	1369.74
3280.33	1375.9
3280.74	1369.92
3281.15	1355.39
3281.56	1354.77
3281.97	1380.95
3282.38	1378.41
3282.79	1381.39
3283.2	1373.13
3283.61	1372.28
3284.01	1355.93
3284.42	1373.55
3284.83	1349.1
3285.24	1370.12
3285.65	1362.14
3286.06	1372.09
3286.47	1364.39
3286.88	1368.78
3287.28	1345.21
3287.69	1365.27
3288.1	1358.92
3288.51	1353.1
3288.92	1363.31
3289.33	1342.6
3289.73	1354.74
3290.14	1335.98
3290.55	1346.75
3290.96	1359.14
3291.37	1330.21
3291.78	1357.59
3292.18	1342.19
3292.59	1353.51
3293	1357.26
3293.41	1338.48
3293.82	1345.3
3294.23	1360.08
3294.63	1362.02
3295.04	1354.1
3295.45	1343.8
3295.86	1344.43
3296.27	1334.51
3296.67	1347.8
3297.08	1356.76
3297.49	1360.96
3297.9	1344.05
3298.31	1343.5
3298.71	1341.17
3299.12	1323.93
3299.53	1348.02
3299.94	1348.73
3300.34	1338.34
3300.75	1335.87
3301.16	1345.43
3301.57	1340.4
3301.97	1336.85
3302.38	1328.44
3302.79	1349.57
3303.2	1338.42
3303.6	1317.51
3304.01	1335.91
3304.42	1313.86
3304.83	1327.92
3305.23	1343.87
3305.64	1322.34
3306.05	1315.97
3306.46	1342.67
3306.86	1328.43
3307.27	1319.64
3307.68	1341.76
3308.09	1347.13
3308.49	1326.52
3308.9	1334.76
3309.31	1328.93
3309.71	1346.46
3310.12	1335.18
3310.53	1344.45
3310.93	1323.71
3311.34	1311.71
3311.75	1335.37
3312.15	1331.93
3312.56	1317.92
3312.97	1326.84
3313.38	1334.46
3313.78	1316.29
3314.19	1329.13
3314.6	1316.31
3315	1324.61
3315.41	1331.15
3315.82	1316.92
3316.22	1314.59
3316.63	1302.51
3317.03	1325.06
3317.44	1308.83
3317.85	1278.64
3318.25	1325.72
3318.66	1323.17
3319.07	1320.61
3319.47	1296.48
3319.88	1308.2
3320.29	1313.51
3320.69	1310.21
3321.1	1315.55
3321.51	1314.71
3321.91	1322.06
3322.32	1317.8
3322.72	1302.58
3323.13	1308.77
3323.54	1295.83
3323.94	1307.25
3324.35	1306.17
3324.75	1295.79
3325.16	1308.29
3325.57	1318.33
3325.97	1302.38
3326.38	1307.61
3326.78	1310.62
3327.19	1291.15
3327.59	1295.17
3328	1278.71
3328.41	1301.81
3328.81	1308.73
3329.22	1307.66
3329.62	1298.54
3330.03	1283.02
3330.44	1291.17
3330.84	1293.68
3331.25	1284.5
3331.65	1289.38
3332.06	1273.12
3332.46	1267.8
3332.87	1266.05
3333.27	1265.13
3333.68	1265.07
3334.08	1262.54
3334.49	1267.64
3334.9	1304.66
3335.3	1273.46
3335.71	1270.61
3336.11	1282.95
3336.51	1282.96
3336.92	1291.17
3337.33	1286.99
3337.73	1274.48
3338.14	1299.46
3338.54	1274.67
3338.95	1303.74
3339.35	1303.65
3339.76	1301.14
3340.16	1289.06
3340.56	1266.76
3340.97	1294.37
3341.38	1280.68
3341.78	1302.38
3342.19	1284.22
3342.59	1281.38
3342.99	1257.03
3343.4	1275.33
3343.8	1267.42
3344.21	1276.73
3344.61	1282.62
3345.02	1281.8
3345.42	1272.11
3345.83	1288.39
3346.23	1286.71
3346.64	1278.66
3347.04	1276.84
3347.44	1301.28
3347.85	1288.16
3348.25	1304.16
3348.66	1273.13
3349.06	1264.97
3349.47	1284.39
3349.87	1287.24
3350.27	1254.38
3350.68	1272.17
3351.08	1269.63
3351.49	1262.42
3351.89	1282.66
3352.3	1279.68
3352.7	1268.32
3353.1	1275.87
3353.51	1273.17
3353.91	1261.41
3354.31	1271.32
3354.72	1262.74
3355.12	1265.27
3355.53	1258.41
3355.93	1268.85
3356.33	1262.33
3356.74	1258.21
3357.14	1276.59
3357.55	1269.45
3357.95	1256.44
3358.35	1266.25
3358.76	1278.91
3359.16	1259.83
3359.56	1262.23
3359.97	1273.06
3360.37	1259.99
3360.78	1237.49
3361.18	1253.86
3361.58	1240.34
3361.98	1245.89
3362.39	1259.97
3362.79	1260.07
3363.19	1260.44
3363.6	1248.47
3364	1249.37
3364.4	1248.89
3364.81	1258.43
3365.21	1256.47
3365.61	1253.57
3366.02	1246.79
3366.42	1247.63
3366.82	1265.43
3367.23	1259.6
3367.63	1254.7
3368.03	1261.13
3368.44	1247.79
3368.84	1247.26
3369.24	1236.32
3369.64	1253.85
3370.05	1243.87
3370.45	1251.93
3370.85	1264.31
3371.26	1260.56
3371.66	1251.19
3372.06	1263.79
3372.46	1246.73
3372.87	1250.4
3373.27	1253.69
3373.67	1265.63
3374.07	1244.82
3374.48	1248.44
3374.8	1224.1
3375.21	1262.19
3375.61	1272.87
3376.02	1233.77
3376.42	1248.7
3376.83	1237.53
3377.23	1254.88
3377.64	1226.77
3378.04	1259.71
3378.45	1250.44
3378.85	1240.58
3379.26	1250.91
3379.66	1231.67
3380.07	1250.18
3380.47	1232.44
3380.88	1244.1
3381.28	1249.57
3381.69	1228.1
3382.09	1231.1
3382.49	1241.53
3382.9	1214.94
3383.3	1244.53
3383.71	1235.79
3384.11	1216.44
3384.52	1209.44
3384.92	1237.44
3385.33	1230.6
3385.73	1239.77
3386.14	1233.92
3386.54	1227.44
3386.94	1221.1
3387.35	1245.93
3387.75	1231.77
3388.16	1249.04
3388.56	1239.1
3388.97	1246.96
3389.37	1230.55
3389.77	1204.77
3390.18	1217.77
3390.58	1231.34
3390.99	1243.1
3391.39	1224.44
3391.79	1243.73
3392.2	1207.77
3392.6	1209.44
3393.01	1220.74
3393.41	1225.78
3393.81	1238.96
3394.22	1225.77
3394.62	1232.77
3395.02	1249.87
3395.43	1221.28
3395.83	1231.14
3396.24	1207.1
3396.64	1200.44
3397.04	1233.1
3397.45	1227.62
3397.85	1222.1
3398.25	1226.44
3398.66	1229.1
3399.06	1232.61
3399.46	1238.25
3399.87	1224.77
3400.27	1243.19
3400.67	1246.04
3401.08	1212.77
3401.48	1210.1
3401.88	1244.82
3402.29	1213.44
3402.69	1232.44
3403.09	1234.44
3403.5	1218.1
3403.9	1237.78
3404.3	1225.1
3404.71	1232.77
3405.11	1246.06
3405.51	1196.44
3405.92	1213.77
3406.32	1237.68
3406.72	1217.96
3407.12	1240.05
3407.53	1207.1
3407.93	1206.1
3408.33	1213.44
3408.73	1219.76
3409.14	1219.93
3409.54	1216.1
3409.94	1228.1
3410.35	1219.9
3410.75	1213.16
3411.15	1237.23
3411.55	1214.1
3411.96	1224.75
3412.36	1225.44
3412.76	1233.33
3413.17	1231.1
3413.57	1218.1
3413.97	1213.44
3414.37	1200.1
3414.77	1217.77
3415.18	1218.19
3415.58	1213.1
3415.98	1199.1
3416.38	1214.41
3416.79	1216.1
3417.19	1195.1
3417.59	1205.1
3417.99	1185.77
3418.4	1215.86
3418.8	1192.78
3419.2	1207.95
3419.6	1203.48
3420	1215.67
3420.41	1207.34
3420.81	1199.33
3421.21	1193.77
3421.61	1182.77
3422.01	1206.44
3422.42	1209.18
3422.82	1194.44
3423.22	1213.44
3423.62	1222.38
3424.02	1204.53
3424.42	1198.77
3424.82	1211.76
3425.23	1223.5
3425.63	1213.03
3426.03	1228.54
3426.43	1219.1
3426.83	1195.1
3427.24	1206.1
3427.64	1207.77
3428.04	1217.44
3428.44	1218.15
3428.84	1221.2
3429.24	1203.11
3429.64	1210.71
3430.05	1199.77
3430.45	1210.53
3430.85	1215.17
3431.25	1206.09
3431.65	1187.1
3432.05	1213.56
3432.45	1201.1
3432.85	1211.77
3433.25	1194.55
3433.66	1205.77
3434.06	1188.87
3434.46	1215.1
3434.86	1202.98
3435.26	1207.44
3435.66	1218.83
3436.06	1199.76
3436.46	1183.77
3436.86	1194.49
3437.27	1206.73
3437.67	1216.53
3438.07	1199.75
3438.47	1196.1
3438.87	1187.77
3439.27	1201.77
3439.67	1198.19
3440.07	1200.74
3440.47	1223.56
3440.87	1200.45
3441.27	1220.3
3441.67	1208.44
3442.07	1194.77
3442.47	1196.77
3442.87	1192.77
3443.27	1208.73
3443.68	1214.26
3444.07	1207.08
3444.48	1185.44
3444.88	1190.1
3445.28	1197.77
3445.68	1198.46
3446.08	1190.77
3446.48	1206.1
3446.88	1185.74
3447.28	1196.85
3447.68	1176.77
3448.08	1202.86
3448.48	1195.82
3448.88	1184.65
3449.28	1185
3449.68	1193.19
3450.08	1182.44
3450.48	1178.77
3450.88	1164.44
3451.28	1184.77
3451.68	1163.77
3452.08	1179.33
3452.48	1161.1
3452.88	1182.4
3453.28	1177.52
3453.68	1177.81
3454.08	1143.44
3454.48	1179.44
3454.88	1194.06
3455.28	1192.47
3455.68	1187.25
3456.07	1171.44
3456.47	1173.94
3456.87	1186.44
3457.27	1182.44
3457.67	1170.1
3458.07	1194.38
3458.47	1188.64
3458.87	1182.1
3459.27	1187.86
3459.67	1185.64
3460.07	1198.75
3460.47	1189.99
3460.87	1156.77
3461.27	1185.53
3461.67	1189.1
3462.07	1172.77
3462.46	1152.44
3462.86	1175.96
3463.26	1172.74
3463.66	1167.44
3464.06	1164.77
3464.46	1176.21
3464.86	1142.1
3465.26	1156.1
3465.66	1170.44
3466.06	1180.35
3466.45	1152.44
3466.85	1174.38
3467.25	1168.44
3467.65	1158.77
3468.05	1164.65
3468.45	1174.76
3468.85	1161.28
3469.25	1148.44
3469.64	1158.1
3470.04	1165.89
3470.44	1161.18
3470.84	1136.1
3471.24	1164.54
3471.64	1151.1
3472.04	1137.77
3472.43	1173.26
3472.83	1157.44
3473.23	1180
3473.63	1149.1
3474.03	1153.46
3474.43	1157.38
3474.83	1157.44
3475.22	1161.1
3475.62	1160.02
3476.02	1176.09
3476.42	1144.77
3476.81	1162.58
3477.21	1135.77
3477.61	1153.1
3478.01	1161.77
3478.41	1161.23
3478.81	1126.1
3479.2	1160.77
3479.6	1146.71
3480	1145.1
3480.4	1116.1
3480.8	1150.56
3481.19	1150.44
3481.59	1161.44
3481.99	1159.03
3482.39	1129.44
3482.78	1147.77
3483.18	1161.1
3483.58	1162.87
3483.98	1138.44
3484.38	1160.1
3484.77	1161.92
3485.17	1130.77
3485.57	1144.44
3485.96	1139.1
3486.36	1139.85
3486.76	1128.44
3487.16	1149.01
3487.56	1156.28
3487.95	1151.08
3488.35	1152.65
3488.75	1143.77
3489.15	1128.77
3489.54	1142.74
3489.94	1135.1
3490.34	1139.1
3490.73	1129.44
3491.13	1123.77
3491.53	1148.98
3491.92	1132.77
3492.32	1138.44
3492.72	1128.77
3493.12	1146.36
3493.51	1134.95
3493.91	1126.19
3494.31	1133.71
3494.7	1123.52
3495.1	1135.23
3495.5	1123.19
3495.9	1125.77
3496.29	1127.09
3496.69	1093.44
3497.09	1133.21
3497.48	1121.77
3497.88	1122.1
3498.28	1121.89
3498.67	1123.46
3499.07	1132.55
3499.47	1110.44
3499.86	1131.24
3500.26	1114.44
3500.65	1124.2
3501.05	1109.44
3501.45	1116.44
3501.84	1122.61
3502.24	1129.75
3502.64	1099.1
3503.03	1113.44
3503.43	1099.12
3503.83	1130.88
3504.22	1108.44
3504.62	1106.1
3505.02	1114.93
3505.41	1120.77
3505.81	1091.44
3506.2	1130.79
3506.6	1107.44
3507	1114
3507.39	1092.1
3507.79	1121.53
3508.18	1112.84
3508.58	1116.19
3508.98	1107.77
3509.37	1119.71
3509.77	1116.77
3510.16	1101.06
3510.56	1096.77
3510.96	1112.1
3511.35	1101.01
3511.75	1109.1
3512.14	1098.77
3512.54	1117.36
3512.93	1115.77
3513.33	1096.31
3513.72	1107.44
3514.12	1103.5
3514.52	1100.77
3514.91	1098.14
3515.31	1082.77
3515.7	1085.77
3516.1	1075.54
3516.49	1090.13
3516.89	1106.87
3517.28	1098.81
3517.68	1068.77
3518.08	1055.44
3518.47	1103.4
3518.87	1086.44
3519.26	1072.58
3519.66	1103.99
3520.05	1085.1
3520.45	1101.77
3520.84	1084.44
3521.24	1101.09
3521.63	1093.92
3522.03	1088.37
3522.42	1099.03
3522.82	1085.1
3523.21	1075.77
3523.61	1091.74
3524	1109.42
3524.4	1071.66
3524.79	1073.1
3525.19	1082.99
3525.58	1070.77
3525.98	1075.7
3526.37	1076.77
3526.77	1052.1
3527.16	1080.9
3527.56	1074.77
3527.95	1095.96
3528.34	1085.72
3528.74	1067.1
3529.13	1059.44
3529.53	1081.44
3529.92	1071.44
3530.32	1085.54
3530.71	1066.44
3531.11	1057.51
3531.5	1052.1
3531.89	1073.69
3532.29	1082.53
3532.68	1076.97
3533.08	1063.1
3533.47	1066.1
3533.87	1071.1
3534.26	1065.77
3534.66	1067.77
3535.05	1070.1
3535.44	1052.1
3535.84	1072.43
3536.23	1072.65
3536.63	1078.1
3537.02	1073.57
3537.41	1069.44
3537.81	1063.29
3538.2	1075.04
3538.6	1064.77
3538.99	1077.26
3539.38	1046.62
3539.78	1083.58
3540.17	1066.77
3540.57	1038.44
3540.96	1067.1
3541.35	1070.55
3541.75	1048.77
3542.14	1061.77
3542.53	1051.06
3542.93	1056.87
3543.32	1052.57
3543.71	1043.48
3544.11	1079.61
3544.5	1061.81
3544.89	1049.45
3545.29	1059.01
3545.68	1040.86
3546.07	1044.66
3546.47	1046.91
3546.86	1060.93
3547.25	1048.63
3547.65	1018.42
3548.04	1043.62
3548.43	1031.67
3548.83	1046.77
3549.22	1041.9
3549.61	1027.58
3550.01	1043.91
3550.4	1045.31
3550.79	1044.98
3551.19	1058.48
3551.58	1048.09
3551.97	1043.51
3552.36	1042.28
3552.76	1040.34
3553.15	1050.7
3553.54	1050.27
3553.94	1021.06
3554.33	1038.28
3554.72	1039.94
3555.12	1028.17
3555.51	1046.06
3555.9	1039.34
3556.29	1039.41
3556.69	1038.63
3557.08	1031.33
3557.47	1053.12
3557.86	1025.74
3558.26	1046.62
3558.65	1023.79
3559.04	1044.63
3559.44	1044.36
3559.83	1037.28
3560.22	1037.73
3560.61	1026.44
3561	1043
3561.4	1048.21
3561.79	1010.32
3562.18	1036.17
3562.57	1033.76
3562.97	1037.19
3563.36	1018.38
3563.75	1033.81
3564.14	1023.42
3564.53	1027.52
3564.93	1041.44
3565.32	1013.32
3565.71	1020.32
3566.1	1030.5
3566.49	1022.15
3566.89	1027.59
3567.28	1017.08
3567.67	1030.28
3568.06	1048.4
3568.45	1017.86
3568.85	1032.73
3569.24	1033.45
3569.63	1030.85
3570.02	1010.8
3570.41	1033.32
3570.81	1032.64
3571.2	1026.98
3571.59	1025.01
3571.98	1019.32
3572.37	1020.22
3572.76	1028.29
3573.15	1027.88
3573.55	1012.44
3573.94	1029.13
3574.33	1022.5
3574.72	1024.75
3575.11	1022
3575.5	1004.99
3575.89	1029.32
3576.29	1021.87
3576.68	1016.46
3577.07	1020.17
3577.46	1029.13
3577.85	1026.34
3578.24	1002.75
3578.63	1005.91
3579.02	1030.78
3579.42	1014.76
3579.81	1018.9
3580.2	1013.42
3580.59	1021.77
3580.98	994.326
3581.37	1024.76
3581.76	1021.02
3582.15	1019.16
3582.54	1028.41
3582.93	1018.91
3583.33	1008.31
3583.72	1010.42
3584.11	998.024
3584.5	999.962
3584.89	1004.7
3585.28	1012.39
3585.67	1000.73
3586.06	994.134
3586.45	1009.25
3586.84	995.477
3587.23	981.21
3587.62	1006.37
3588.01	1005.19
3588.4	1001.31
3588.79	1002.63
3589.19	1011.66
3589.57	989.634
3589.97	1017.71
3590.36	1000.08
3590.75	978.526
3591.14	999.544
3591.53	998.925
3591.92	994.771
3592.31	1005.74
3592.7	1010.8
3593.09	1001.58
3593.48	1001.75
3593.87	995.862
3594.26	1000.73
3594.65	994.52
3595.04	981.088
3595.43	1002.89
3595.82	975.613
3596.21	996.329
3596.6	999.294
3596.99	991.844
3597.38	1004.12
3597.77	997.13
3598.16	990.068
3598.55	984.551
3598.94	969.846
3599.33	991.035
3599.72	987.148
3600.11	979.578
3600.5	995.602
3600.89	986.598
3601.28	987.702
3601.66	995.297
3602.05	994.531
3602.44	1002.1
3602.83	997.666
3603.22	993.769
3603.61	976.982
3604	989.779
3604.39	994.407
3604.78	983.153
3605.17	1000.53
3605.56	988.1
3605.95	949.008
3606.34	987.166
3606.73	983.208
3607.12	979.363
3607.51	987.727
3607.89	989.869
3608.28	977.109
3608.67	975.873
3609.06	979.733
3609.45	978.347
3609.84	966.223
3610.23	995.69
3610.62	978.334
3611.01	991.004
3611.4	956.497
3611.78	980.931
3612.17	983.601
3612.56	969.857
3612.95	988.937
3613.34	983.231
3613.73	980.417
3614.12	985.614
3614.51	983.585
3614.9	979.251
3615.28	970.507
3615.67	970.917
3616.06	977.544
3616.45	976.395
3616.84	964.471
3617.23	968.502
3617.62	974.408
3618	964.042
3618.39	946.737
3618.78	950.346
3619.17	934.019
3619.56	948.448
3619.95	943.227
3620.33	947.202
3620.72	931.693
3621.11	923.843
3621.5	926.183
3621.89	945.532
3622.27	938.327
3622.66	932.307
3623.05	954.174
3623.44	941.965
3623.83	958.465
3624.22	946.369
3624.6	960.83
3624.99	965.649
3625.38	970.089
3625.77	970.762
3626.15	967.809
3626.54	974.304
3626.93	960.248
3627.32	956.249
3627.71	969.946
3628.09	961.41
3628.48	978.276
3628.87	961.908
3629.26	966.683
3629.64	955.732
3630.03	950.474
3630.42	958.964
3630.81	969.232
3631.19	975.294
3631.58	963.354
3631.97	947.669
3632.36	965.996
3632.74	964.261
3633.13	961.537
3633.52	957.7
3633.91	964.863
3634.29	960.877
3634.68	974.221
3635.07	944.316
3635.46	963.701
3635.84	969.314
3636.23	959.193
3636.62	962.687
3637.01	960.154
3637.39	970.451
3637.78	968.991
3638.17	973.577
3638.55	948.26
3638.94	980.078
3639.33	969.782
3639.71	969.7
3640.1	965.464
3640.49	962.827
3640.88	954.951
3641.26	973.106
3641.65	970.864
3642.04	973.667
3642.42	969.801
3642.81	957.354
3643.2	954.934
3643.58	941.172
3643.97	953.727
3644.36	945.591
3644.74	954.927
3645.13	961.015
3645.52	921.317
3645.9	937.547
3646.29	928.989
3646.68	926.154
3647.06	950.826
3647.45	949.854
3647.83	950.493
3648.22	949.65
3648.61	951.286
3648.99	928.729
3649.38	964.839
3649.77	951.049
3650.15	939.351
3650.54	917.386
3650.93	948.718
3651.31	926.524
3651.7	941.869
3652.08	938.553
3652.47	950.756
3652.85	926.633
3653.24	932.838
3653.63	930.047
3654.01	934.068
3654.4	947.843
3654.79	925.043
3655.17	942.236
3655.56	937.044
3655.94	922.039
3656.33	941.247
3656.71	925.666
3657.1	923.372
3657.49	933.578
3657.87	927.503
3658.26	939.124
3658.64	939.458
3659.03	906.199
3659.41	934.922
3659.8	940.051
3660.19	923.24
3660.48	937.24
3660.87	944.942
3661.26	916.24
3661.64	941.185
3662.03	931.209
3662.42	935.841
3662.81	942.906
3663.2	919.007
3663.58	927.24
3663.97	900.573
3664.36	935.419
3664.75	937.436
3665.14	915.24
3665.52	928.291
3665.91	909.374
3666.3	929.33
3666.69	934.24
3667.07	924.066
3667.46	936.389
3667.85	911.906
3668.24	935.815
3668.62	914.906
3669.01	921.023
3669.4	925.24
3669.79	909.535
3670.17	912.24
3670.56	916.24
3670.95	914.938
3671.34	895.708
3671.72	918.433
3672.11	912.53
3672.5	917.24
3672.89	899.24
3673.27	919.517
3673.66	919.39
3674.05	925.75
3674.43	903.573
3674.82	911.906
3675.21	930.275
3675.6	918.573
3675.98	911.182
3676.37	896.188
3676.76	915.24
3677.14	900.906
3677.53	926.906
3677.92	928.906
3678.31	933.627
3678.69	922.573
3679.08	903.573
3679.46	931.624
3679.85	929.348
3680.24	922.809
3680.63	935.815
3681.01	904.573
3681.4	905.524
3681.79	914.901
3682.17	919.989
3682.56	907.24
3682.95	923.194
3683.33	884.24
3683.72	896.865
3684.11	914.202
3684.49	886.573
3684.88	898.24
3685.26	904.63
3685.65	898.313
3686.04	902.426
3686.42	888.24
3686.81	889.451
3687.2	895.24
3687.58	892.403
3687.97	920.768
3688.35	896.573
3688.74	906.906
3689.13	903.573
3689.51	899.107
3689.9	890.854
3690.29	903.573
3690.67	881.573
3691.06	895.573
3691.44	908.264
3691.83	904.549
3692.22	895.736
3692.6	906.24
3692.99	910.677
3693.37	900.432
3693.76	874.24
3694.14	894.883
3694.53	901.031
3694.92	896.765
3695.3	916.015
3695.69	908.53
3696.07	894.24
3696.46	900.551
3696.85	886.906
3697.23	890.298
3697.62	889.24
3698	896.481
3698.39	886.24
3698.77	866.303
3699.16	883.654
3699.54	883.379
3699.93	871.906
