10	0
10.02	0
10.04	0
10.06	0
10.08	0
10.1	0
10.12	0
10.14	0
10.16	0
10.18	0
10.2	0
10.22	0
10.24	0
10.26	0
10.28	0
10.3	0
10.32	0
10.34	0
10.36	0
10.38	0
10.4	0
10.42	0
10.44	0
10.46	0
10.48	0
10.5	0
10.52	0
10.54	0
10.56	0
10.58	0
10.6	0
10.62	0
10.64	0
10.66	0
10.68	0
10.7	0
10.72	0
10.74	0
10.76	0
10.78	0
10.8	0
10.82	0
10.84	0
10.86	0
10.88	0
10.9	0
10.92	0
10.94	0
10.96	0
10.98	0
11	0
11.02	0
11.04	0
11.06	0
11.08	0
11.1	0
11.12	0
11.14	0
11.16	0
11.18	0
11.2	0
11.22	0
11.24	0
11.26	0
11.28	0
11.3	0
11.32	0
11.34	0
11.36	0
11.38	0
11.4	0
11.42	0
11.44	0
11.46	0
11.48	0
11.5	0
11.52	0
11.54	0
11.56	0
11.58	0
11.6	0
11.62	0
11.64	0
11.66	0
11.68	0
11.7	0
11.72	0
11.74	0
11.76	0
11.78	0
11.8	0
11.82	0
11.84	0
11.86	0
11.88	0
11.9	0
11.92	0
11.94	0
11.96	0
11.98	0
12	0
12.02	0
12.04	0
12.06	0
12.08	0
12.1	0
12.12	0
12.14	0
12.16	0
12.18	0
12.2	0
12.22	0
12.24	0
12.26	0
12.28	0
12.3	0
12.32	0
12.34	0
12.36	0
12.38	0
12.4	0
12.42	0
12.44	0
12.46	0
12.48	0
12.5	0
12.52	0
12.54	0
12.56	0
12.58	0
12.6	0
12.62	0
12.64	0
12.66	0
12.68	0
12.7	0
12.72	0
12.74	0
12.76	0
12.78	0
12.8	0
12.82	0
12.84	0
12.86	0
12.88	0
12.9	0
12.92	0
12.94	0
12.96	0
12.98	0
13	0
13.02	0
13.04	0
13.06	0
13.08	0
13.1	0
13.12	0
13.14	0
13.16	0
13.18	0
13.2	0
13.22	0
13.24	0
13.26	0
13.28	0
13.3	0
13.32	0
13.34	0
13.36	0
13.38	0
13.4	0
13.42	0
13.44	0
13.46	0
13.48	0
13.5	0
13.52	0
13.54	0
13.56	0
13.58	0
13.6	0
13.62	0
13.64	0
13.66	0
13.68	0
13.7	0
13.72	0
13.74	0
13.76	0
13.78	0
13.8	0
13.82	0
13.84	0
13.86	0
13.88	0
13.9	0
13.92	0
13.94	0
13.96	0
13.98	0
14	0
14.02	0
14.04	0
14.06	0
14.08	0
14.1	0
14.12	0
14.14	0
14.16	0
14.18	0
14.2	0
14.22	0
14.24	0
14.26	0
14.28	0
14.3	0
14.32	0
14.34	0
14.36	0
14.38	0
14.4	0
14.42	0
14.44	0
14.46	0
14.48	0
14.5	0
14.52	0
14.54	0
14.56	0
14.58	0
14.6	0
14.62	0
14.64	0
14.66	0
14.68	0
14.7	0
14.72	0
14.74	0
14.76	0
14.78	0
14.8	0
14.82	0
14.84	0
14.86	0
14.88	0
14.9	0
14.92	0
14.94	0
14.96	0
14.98	0
15	0
15.02	0
15.04	0
15.06	0
15.08	0
15.1	0
15.12	0
15.14	0
15.16	0
15.18	0
15.2	0
15.22	0
15.24	0
15.26	0
15.28	0
15.3	0
15.32	0
15.34	0
15.36	0
15.38	0
15.4	0
15.42	0
15.44	0
15.46	0
15.48	0
15.5	0
15.52	0
15.54	0
15.56	0
15.58	0
15.6	0
15.62	0
15.64	0
15.66	0
15.68	0
15.7	0
15.72	0
15.74	0
15.76	0
15.78	0
15.8	0
15.82	0
15.84	0
15.86	0
15.88	0
15.9	0
15.92	0
15.94	0
15.96	0
15.98	0
16	0
16.02	0
16.04	0
16.06	0
16.08	0
16.1	0
16.12	0
16.14	0
16.16	0
16.18	0
16.2	0
16.22	0
16.24	0
16.26	0
16.28	0
16.3	0
16.32	0
16.34	0
16.36	0
16.38	0
16.4	0
16.42	0
16.44	0
16.46	0
16.48	0
16.5	0
16.52	0
16.54	0
16.56	0
16.58	0
16.6	0
16.62	0
16.64	0
16.66	0
16.68	0
16.7	0
16.72	0
16.74	0
16.76	0
16.78	0
16.8	0
16.82	0
16.84	0
16.86	0
16.88	0
16.9	0
16.92	0
16.94	0
16.96	0
16.98	0
17	0
17.02	0
17.04	0
17.06	0
17.08	0
17.1	0
17.12	0
17.14	0
17.16	0
17.18	0
17.2	0
17.22	0
17.24	0
17.26	0
17.28	0
17.3	0
17.32	0
17.34	0
17.36	0
17.38	0
17.4	0
17.42	0
17.44	0
17.46	0
17.48	0
17.5	0
17.52	0
17.54	0
17.56	0
17.58	0
17.6	0
17.62	0
17.64	0
17.66	0
17.68	0
17.7	0
17.72	0
17.74	0
17.76	0
17.78	0
17.8	0
17.82	0
17.84	0
17.86	0
17.88	0
17.9	0
17.92	0
17.94	0
17.96	0
17.98	0
18	0
18.02	0
18.04	0
18.06	0
18.08	0
18.1	0
18.12	0
18.14	0
18.16	0
18.18	0
18.2	0
18.22	0
18.24	0
18.26	0
18.28	0
18.3	0
18.32	0
18.34	0
18.36	0
18.38	0
18.4	0
18.42	0
18.44	0
18.46	0
18.48	0
18.5	0
18.52	0
18.54	0
18.56	0
18.58	0
18.6	0
18.62	0
18.64	0
18.66	0
18.68	0
18.7	0
18.72	0
18.74	0
18.76	0
18.78	0
18.8	0
18.82	0
18.84	0
18.86	0
18.88	0
18.9	0
18.92	0
18.94	0
18.96	0
18.98	0
19	0
19.02	0
19.04	0
19.06	0
19.08	0
19.1	0
19.12	0
19.14	0
19.16	0
19.18	0
19.2	0
19.22	0
19.24	0
19.26	0
19.28	0
19.3	0
19.32	0
19.34	0
19.36	0
19.38	0
19.4	0
19.42	0
19.44	0
19.46	0
19.48	0
19.5	0
19.52	0
19.54	0
19.56	0
19.58	0
19.6	0
19.62	0
19.64	0
19.66	0
19.68	0
19.7	0
19.72	0
19.74	0
19.76	0
19.78	0
19.8	0
19.82	0
19.84	0
19.86	0
19.88	0
19.9	0
19.92	0
19.94	0
19.96	0
19.98	0
20	0
20.02	0
20.04	0
20.06	0
20.08	0
20.1	0
20.12	0
20.14	0
20.16	0
20.18	0
20.2	0
20.22	0
20.24	0
20.26	0
20.28	0
20.3	0
20.32	0
20.34	0
20.36	0
20.38	0
20.4	0
20.42	0
20.44	0
20.46	0
20.48	0
20.5	0
20.52	0
20.54	0
20.56	0
20.58	0
20.6	0
20.62	0
20.64	0
20.66	0
20.68	0
20.7	0
20.72	0
20.74	0
20.76	0
20.78	0
20.8	0
20.82	0
20.84	0
20.86	0
20.88	0
20.9	0
20.92	0
20.94	0
20.96	0
20.98	0
21	0
21.02	0
21.04	0
21.06	0
21.08	0
21.1	0
21.12	0
21.14	0
21.16	0
21.18	0
21.2	0
21.22	0
21.24	0
21.26	0
21.28	0
21.3	0
21.32	0
21.34	0
21.36	0
21.38	0
21.4	0
21.42	0
21.44	0
21.46	0
21.48	0
21.5	0
21.52	0
21.54	0
21.56	0
21.58	0
21.6	0
21.62	0
21.64	0
21.66	0
21.68	0
21.7	0
21.72	0
21.74	0
21.76	0
21.78	0
21.8	0
21.82	0
21.84	0
21.86	0
21.88	0
21.9	0
21.92	0
21.94	0
21.96	0
21.98	0
22	0
22.02	0
22.04	0
22.06	0
22.08	0
22.1	0
22.12	0
22.14	0
22.16	0
22.18	0
22.2	0
22.22	0
22.24	0
22.26	0
22.28	0
22.3	0
22.32	0
22.34	0
22.36	0
22.38	0
22.4	0
22.42	0
22.44	0
22.46	0
22.48	0
22.5	0
22.52	0
22.54	0
22.56	0
22.58	0
22.6	0
22.62	0
22.64	0
22.66	0
22.68	0
22.7	0
22.72	0
22.74	0
22.76	0
22.78	0
22.8	0
22.82	0
22.84	0
22.86	0
22.88	0
22.9	0
22.92	0
22.94	0
22.96	0
22.98	0
23	0
23.02	0
23.04	0
23.06	0
23.08	0
23.1	0
23.12	0
23.14	0
23.16	0
23.18	0
23.2	0
23.22	0
23.24	0
23.26	0
23.28	0
23.3	0
23.32	0
23.34	0
23.36	0
23.38	0
23.4	0
23.42	0
23.44	0
23.46	0
23.48	0
23.5	0
23.52	0
23.54	0
23.56	0
23.58	0
23.6	0
23.62	0
23.64	0
23.66	0
23.68	0
23.7	0
23.72	0
23.74	0
23.76	0
23.78	0
23.8	0
23.82	0
23.84	0
23.86	0
23.88	0
23.9	0
23.92	0
23.94	0
23.96	0
23.98	0
24	0
24.02	0
24.04	0
24.06	0
24.08	0
24.1	0
24.12	0
24.14	0
24.16	0
24.18	0
24.2	0
24.22	0
24.24	0
24.26	0
24.28	0
24.3	0
24.32	0
24.34	0
24.36	0
24.38	0
24.4	0
24.42	0
24.44	0
24.46	0
24.48	0
24.5	0
24.52	0
24.54	0
24.56	0
24.58	0
24.6	0
24.62	0
24.64	0
24.66	0
24.68	0
24.7	0
24.72	0
24.74	0
24.76	0
24.78	0
24.8	0
24.82	0
24.84	0
24.86	0
24.88	0
24.9	0
24.92	0
24.94	0
24.96	0
24.98	0
25	0
25.02	0
25.04	0
25.06	0
25.08	0
25.1	0
25.12	0
25.14	0
25.16	0
25.18	0
25.2	0
25.22	0
25.24	0
25.26	0
25.28	0
25.3	0
25.32	0
25.34	0
25.36	0
25.38	0
25.4	0
25.42	0
25.44	0
25.46	0
25.48	0
25.5	0
25.52	0
25.54	0
25.56	0
25.58	0
25.6	0
25.62	0
25.64	0
25.66	0
25.68	0
25.7	0
25.72	0
25.74	0
25.76	0
25.78	0
25.8	0
25.82	0
25.84	0
25.86	0
25.88	0
25.9	0
25.92	0
25.94	0
25.96	0
25.98	0
26	0
26.02	0
26.04	0
26.06	0
26.08	0
26.1	0
26.12	0
26.14	0
26.16	0
26.18	0
26.2	0
26.22	0
26.24	0
26.26	0
26.28	0
26.3	0
26.32	0
26.34	0
26.36	0
26.38	0
26.4	0
26.42	0
26.44	0
26.46	0
26.48	0
26.5	0
26.52	0
26.54	0
26.56	0
26.58	0
26.6	0
26.62	0
26.64	0
26.66	0
26.68	0
26.7	0
26.72	0
26.74	0
26.76	0
26.78	0
26.8	0
26.82	0
26.84	0
26.86	0
26.88	0
26.9	0
26.92	0
26.94	0
26.96	0
26.98	0
27	0
27.02	0
27.04	0
27.06	0
27.08	0
27.1	0
27.12	0
27.14	0
27.16	0
27.18	0
27.2	0
27.22	0
27.24	0
27.26	0
27.28	0
27.3	0
27.32	0
27.34	0
27.36	0
27.38	0
27.4	0
27.42	0
27.44	0
27.46	0
27.48	0
27.5	0
27.52	0
27.54	0
27.56	0
27.58	0
27.6	0
27.62	0
27.64	0
27.66	0
27.68	0
27.7	0
27.72	0
27.74	0
27.76	0
27.78	0
27.8	0
27.82	0
27.84	0
27.86	0
27.88	0
27.9	0
27.92	0
27.94	0
27.96	0
27.98	0
28	0
28.02	0
28.04	0
28.06	0
28.08	0
28.1	0
28.12	0
28.14	0
28.16	0
28.18	0
28.2	0
28.22	0
28.24	0
28.26	0
28.28	0
28.3	0
28.32	0
28.34	0
28.36	0
28.38	0
28.4	0
28.42	0
28.44	0
28.46	0
28.48	0
28.5	0
28.52	0
28.54	0
28.56	0
28.58	0
28.6	0
28.62	0
28.64	0
28.66	0
28.68	0
28.7	0
28.72	0
28.74	0
28.76	0
28.78	0
28.8	0
28.82	0
28.84	0
28.86	0
28.88	0
28.9	0
28.92	0
28.94	0
28.96	0
28.98	0
29	0
29.02	0
29.04	0
29.06	0
29.08	0
29.1	0
29.12	0
29.14	0
29.16	0
29.18	0
29.2	0
29.22	0
29.24	0
29.26	0
29.28	0
29.3	0
29.32	0
29.34	0
29.36	0
29.38	0
29.4	0
29.42	0
29.44	0
29.46	0
29.48	0
29.5	0
29.52	0
29.54	0
29.56	0
29.58	0
29.6	0
29.62	0
29.64	0
29.66	0
29.68	0
29.7	0
29.72	0
29.74	0
29.76	0
29.78	0
29.8	0
29.82	0.0248813
29.84	0.0250658
29.86	0.0252524
29.88	0.025441
29.9	0.0380245
29.92	0.0383091
29.94	0.038597
29.96	0.0388881
29.98	0.0391825
30	0.0394803
30.02	0.0397815
30.04	0.0400861
30.06	0.0403943
30.08	0.040706
30.1	0.0410213
30.12	0.0413403
30.14	0.0416631
30.16	0.0419896
30.18	0.04232
30.2	0.0426543
30.22	0.0429926
30.24	0.043335
30.26	0.0436814
30.28	0.044032
30.3	0.0443868
30.32	0.044746
30.34	0.0451095
30.36	0.0454775
30.38	0.04585
30.4	0.046227
30.42	0.0466088
30.44	0.0469953
30.46	0.0473866
30.48	0.0477829
30.5	0.0481841
30.52	0.0485904
30.54	0.0490018
30.56	0.0494185
30.58	0.0498406
30.6	0.050268
30.62	0.050701
30.64	0.0511396
30.66	0.051584
30.68	0.0520341
30.7	0.0524901
30.72	0.0529522
30.74	0.0534204
30.76	0.0538948
30.78	0.0543756
30.8	0.0548629
30.82	0.0553567
30.84	0.0558572
30.86	0.0563645
30.88	0.0568788
30.9	0.0574001
30.92	0.0579287
30.94	0.0584645
30.96	0.0590079
30.98	0.0595588
31	0.0601175
31.02	0.0606841
31.04	0.0612587
31.06	0.0618416
31.08	0.0624327
31.1	0.0630324
31.12	0.0636408
31.14	0.0642581
31.16	0.0648843
31.18	0.0655198
31.2	0.0661646
31.22	0.066819
31.24	0.0674831
31.26	0.0681572
31.28	0.0688414
31.3	0.069536
31.32	0.0702412
31.34	0.0709571
31.36	0.071684
31.38	0.0724221
31.4	0.0731717
31.42	0.073933
31.44	0.0747063
31.46	0.0754917
31.48	0.0762896
31.5	0.0771001
31.52	0.0779237
31.54	0.0787605
31.56	0.0796109
31.58	0.0804751
31.6	0.0813535
31.62	0.0822463
31.64	0.0831539
31.66	0.0840765
31.68	0.0850146
31.7	0.0859685
31.72	0.0869386
31.74	0.0879251
31.76	0.0889285
31.78	0.0899492
31.8	0.0909876
31.82	0.092044
31.84	0.0931189
31.86	0.0942128
31.88	0.095326
31.9	0.0964591
31.92	0.0976124
31.94	0.0987866
31.96	0.0999821
31.98	0.101199
32	0.102439
32.02	0.103702
32.04	0.104988
32.06	0.106298
32.08	0.107633
32.1	0.108993
32.12	0.110379
32.14	0.111791
32.16	0.113231
32.18	0.114699
32.2	0.116195
32.22	0.117721
32.24	0.119278
32.26	0.120865
32.28	0.122484
32.3	0.124136
32.32	0.125821
32.34	0.127541
32.36	0.129297
32.38	0.131089
32.4	0.132918
32.42	0.134786
32.44	0.136694
32.46	0.138642
32.48	0.140633
32.5	0.142666
32.52	0.144744
32.54	0.146868
32.56	0.149038
32.58	0.151257
32.6	0.153526
32.62	0.155847
32.64	0.15822
32.66	0.160648
32.68	0.163132
32.7	0.165674
32.72	0.168276
32.74	0.17094
32.76	0.173667
32.78	0.17646
32.8	0.179321
32.82	0.182252
32.84	0.185256
32.86	0.188334
32.88	0.19149
32.9	0.194725
32.92	0.198043
32.94	0.201447
32.96	0.204938
32.98	0.208522
33	0.2122
33.02	0.215976
33.04	0.219854
33.06	0.223837
33.08	0.227929
33.1	0.232134
33.12	0.236456
33.14	0.240901
33.16	0.245471
33.18	0.250173
33.2	0.25501
33.22	0.25999
33.24	0.265116
33.26	0.270395
33.28	0.275834
33.3	0.281438
33.32	0.287214
33.34	0.293169
33.36	0.299311
33.38	0.305648
33.4	0.312188
33.42	0.31894
33.44	0.325913
33.46	0.333117
33.48	0.340562
33.5	0.348258
33.52	0.356218
33.54	0.364454
33.56	0.372978
33.58	0.381804
33.6	0.390946
33.62	0.40042
33.64	0.410241
33.66	0.420428
33.68	0.430998
33.7	0.441971
33.72	0.453366
33.74	0.465208
33.76	0.477518
33.78	0.490322
33.8	0.503646
33.82	0.517519
33.84	0.531972
33.86	0.547037
33.88	0.56275
33.9	0.579146
33.92	0.596268
33.94	0.614157
33.96	0.632861
33.98	0.65243
34	0.672916
34.02	0.694379
34.04	0.716882
34.06	0.740491
34.08	0.765282
34.1	0.791332
34.12	0.81873
34.14	0.847568
34.16	0.877949
34.18	0.909985
34.2	0.943797
34.22	0.979519
34.24	1.0173
34.26	1.05729
34.28	1.09967
34.3	1.14463
34.32	1.19239
34.34	1.24318
34.36	1.29726
34.38	1.35492
34.4	1.41647
34.42	1.48228
34.44	1.55274
34.46	1.6283
34.48	1.70945
34.5	1.79675
34.52	1.89084
34.54	1.99243
34.56	2.10232
34.58	2.22144
34.6	2.35086
34.62	2.4918
34.64	2.64569
34.66	2.81425
34.68	2.99954
34.7	3.20412
34.72	3.43126
34.74	3.6852
34.76	3.97161
34.78	4.29817
34.8	4.67537
34.82	5.11759
34.84	5.64436
34.86	6.28183
34.88	7.06435
34.9	8.03591
34.92	9.25112
34.94	10.7755
34.96	12.6843
34.98	15.0605
35	17.9895
35.02	21.5536
35.04	25.823
35.06	30.8457
35.08	36.6363
35.1	43.1617
35.12	50.3254
35.14	57.9485
35.16	65.7491
35.18	73.3284
35.2	80.1823
35.22	85.7599
35.24	89.5734
35.26	91.3172
35.28	90.9228
35.3	88.5224
35.32	84.3692
35.34	78.785
35.36	72.1456
35.38	64.8652
35.4	57.3559
35.42	49.9785
35.44	43.0093
35.46	36.6333
35.48	30.9533
35.5	26.0071
35.52	21.7843
35.54	18.2409
35.56	15.3115
35.58	12.9195
35.6	10.9847
35.62	9.42959
35.64	8.18264
35.66	7.18127
35.68	6.37259
35.7	5.71339
35.72	5.16935
35.74	4.71389
35.76	4.32685
35.78	3.99315
35.8	3.70164
35.82	3.44408
35.84	3.21438
35.86	3.00794
35.88	2.8213
35.9	2.65172
35.92	2.49703
35.94	2.35545
35.96	2.22551
35.98	2.10594
36	1.99567
36.02	1.89376
36.04	1.79938
36.06	1.71183
36.08	1.63046
36.1	1.55471
36.12	1.48408
36.14	1.41811
36.16	1.35642
36.18	1.29864
36.2	1.24445
36.22	1.19356
36.24	1.14571
36.26	1.10067
36.28	1.05822
36.3	1.01816
36.32	0.980323
36.34	0.944547
36.36	0.910685
36.38	0.878603
36.4	0.84818
36.42	0.819304
36.44	0.791871
36.46	0.765788
36.48	0.740968
36.5	0.717331
36.52	0.694803
36.54	0.673316
36.56	0.652807
36.58	0.633219
36.6	0.614496
36.62	0.596589
36.64	0.579451
36.66	0.563039
36.68	0.547313
36.7	0.532234
36.72	0.517769
36.74	0.503884
36.76	0.490548
36.78	0.477734
36.8	0.465414
36.82	0.453564
36.84	0.442159
36.86	0.431179
36.88	0.420601
36.9	0.410407
36.92	0.400579
36.94	0.391099
36.96	0.38195
36.98	0.373119
37	0.364589
37.02	0.356348
37.04	0.348383
37.06	0.340682
37.08	0.333233
37.1	0.326025
37.12	0.319048
37.14	0.312292
37.16	0.305748
37.18	0.299408
37.2	0.293262
37.22	0.287304
37.24	0.281525
37.26	0.275918
37.28	0.270477
37.3	0.265195
37.32	0.260066
37.34	0.255084
37.36	0.250244
37.38	0.24554
37.4	0.240968
37.42	0.236522
37.44	0.232197
37.46	0.22799
37.48	0.223896
37.5	0.219912
37.52	0.216032
37.54	0.212254
37.56	0.208575
37.58	0.20499
37.6	0.201497
37.62	0.198092
37.64	0.194772
37.66	0.191536
37.68	0.188379
37.7	0.1853
37.72	0.182295
37.74	0.179363
37.76	0.176501
37.78	0.173707
37.8	0.170978
37.82	0.168313
37.84	0.165711
37.86	0.163168
37.88	0.160683
37.9	0.158254
37.92	0.15588
37.94	0.153559
37.96	0.151289
37.98	0.149069
38	0.146898
38.02	0.144774
38.04	0.142695
38.06	0.140661
38.08	0.13867
38.1	0.136721
38.12	0.134813
38.14	0.132944
38.16	0.131114
38.18	0.129321
38.2	0.127565
38.22	0.125845
38.24	0.124159
38.26	0.122506
38.28	0.120887
38.3	0.119299
38.32	0.117742
38.34	0.116216
38.36	0.114719
38.38	0.113251
38.4	0.111811
38.42	0.110398
38.44	0.109011
38.46	0.107651
38.48	0.106316
38.5	0.105005
38.52	0.103719
38.54	0.102456
38.56	0.101216
38.58	0.0999984
38.6	0.0988027
38.62	0.0976282
38.64	0.0964745
38.66	0.0953412
38.68	0.0942276
38.7	0.0931335
38.72	0.0920583
38.74	0.0910017
38.76	0.0899631
38.78	0.0889421
38.8	0.0879385
38.82	0.0869517
38.84	0.0859814
38.86	0.0850273
38.88	0.084089
38.9	0.0831661
38.92	0.0822583
38.94	0.0813653
38.96	0.0804867
38.98	0.0796223
39	0.0787718
39.02	0.0779348
39.04	0.077111
39.06	0.0763003
39.08	0.0755022
39.1	0.0747166
39.12	0.0739432
39.14	0.0731818
39.16	0.072432
39.18	0.0716937
39.2	0.0709666
39.22	0.0702506
39.24	0.0695453
39.26	0.0688505
39.28	0.0681662
39.3	0.0674919
39.32	0.0668277
39.34	0.0661732
39.36	0.0655282
39.38	0.0648926
39.4	0.0642663
39.42	0.0636489
39.44	0.0630404
39.46	0.0624406
39.48	0.0618493
39.5	0.0612663
39.52	0.0606916
39.54	0.0601249
39.56	0.0595661
39.58	0.0590151
39.6	0.0584716
39.62	0.0579356
39.64	0.057407
39.66	0.0568856
39.68	0.0563712
39.7	0.0558638
39.72	0.0553632
39.74	0.0548693
39.76	0.054382
39.78	0.0539011
39.8	0.0534266
39.82	0.0529583
39.84	0.0524961
39.86	0.05204
39.88	0.0515898
39.9	0.0511454
39.92	0.0507067
39.94	0.0502737
39.96	0.0498461
39.98	0.049424
40	0.0490072
40.02	0.0485957
40.04	0.0481893
40.06	0.0477881
40.08	0.0473918
40.1	0.0470004
40.12	0.0466138
40.14	0.046232
40.16	0.0458548
40.18	0.0454823
40.2	0.0451143
40.22	0.0447507
40.24	0.0443915
40.26	0.0440366
40.28	0.0436859
40.3	0.0433394
40.32	0.042997
40.34	0.0426587
40.36	0.0423243
40.38	0.0419939
40.4	0.0416673
40.42	0.0413445
40.44	0.0410254
40.46	0.04071
40.48	0.0403983
40.5	0.0400901
40.52	0.0397854
40.54	0.0394842
40.56	0.0391863
40.58	0.0388919
40.6	0.0386007
40.62	0.0383128
40.64	0.0380281
40.66	0.0377466
40.68	0.0374682
40.7	0.0126752
40.72	0.0125814
40.74	0.0124886
40.76	0.0123968
40.78	0.012306
40.8	0
40.82	0
40.84	0
40.86	0
40.88	0
40.9	0
40.92	0
40.94	0
40.96	0
40.98	0
41	0
41.02	0
41.04	0
41.06	0
41.08	0
41.1	0
41.12	0
41.14	0
41.16	0
41.18	0
41.2	0
41.22	0
41.24	0
41.26	0
41.28	0
41.3	0
41.32	0
41.34	0
41.36	0
41.38	0
41.4	0
41.42	0
41.44	0
41.46	0
41.48	0
41.5	0.00560298
41.52	0.00564454
41.54	0.00568657
41.56	0.00572907
41.58	0.00577204
41.6	0.0058155
41.62	0.00865717
41.64	0.00872236
41.66	0.0087883
41.68	0.00885498
41.7	0.00892243
41.72	0.00899064
41.74	0.00905965
41.76	0.00912945
41.78	0.00920006
41.8	0.00927149
41.82	0.00934376
41.84	0.00941688
41.86	0.00949086
41.88	0.00956571
41.9	0.00964145
41.92	0.0097181
41.94	0.00979566
41.96	0.00987415
41.98	0.00995359
42	0.010034
42.02	0.0101154
42.04	0.0101978
42.06	0.0102811
42.08	0.0103656
42.1	0.010451
42.12	0.0105375
42.14	0.0106251
42.16	0.0107138
42.18	0.0108036
42.2	0.0108946
42.22	0.0109867
42.24	0.0110799
42.26	0.0111744
42.28	0.0112701
42.3	0.011367
42.32	0.0114651
42.34	0.0115646
42.36	0.0116653
42.38	0.0117674
42.4	0.0118708
42.42	0.0119755
42.44	0.0120817
42.46	0.0121893
42.48	0.0122983
42.5	0.0124088
42.52	0.0125208
42.54	0.0126343
42.56	0.0127494
42.58	0.012866
42.6	0.0129843
42.62	0.0131041
42.64	0.0132257
42.66	0.013349
42.68	0.0134739
42.7	0.0136007
42.72	0.0137292
42.74	0.0138596
42.76	0.0139918
42.78	0.014126
42.8	0.0142621
42.82	0.0144001
42.84	0.0145402
42.86	0.0146823
42.88	0.0148265
42.9	0.0149729
42.92	0.0151214
42.94	0.0152721
42.96	0.0154252
42.98	0.0155805
43	0.0157382
43.02	0.0158982
43.04	0.0160608
43.06	0.0162258
43.08	0.0163934
43.1	0.0165636
43.12	0.0167365
43.14	0.0169121
43.16	0.0170905
43.18	0.0172717
43.2	0.0174558
43.22	0.0176428
43.24	0.0178329
43.26	0.0180261
43.28	0.0182224
43.3	0.018422
43.32	0.0186248
43.34	0.018831
43.36	0.0190407
43.38	0.0192538
43.4	0.0194706
43.42	0.0196911
43.44	0.0199153
43.46	0.0201433
43.48	0.0203754
43.5	0.0206114
43.52	0.0208516
43.54	0.0210959
43.56	0.0213446
43.58	0.0215978
43.6	0.0218554
43.62	0.0221177
43.64	0.0223847
43.66	0.0226566
43.68	0.0229335
43.7	0.0232155
43.72	0.0235027
43.74	0.0237953
43.76	0.0240934
43.78	0.0243971
43.8	0.0247065
43.82	0.0250219
43.84	0.0253434
43.86	0.0256711
43.88	0.0260052
43.9	0.0263459
43.92	0.0266933
43.94	0.0270476
43.96	0.0274091
43.98	0.0277778
44	0.028154
44.02	0.0285378
44.04	0.0289296
44.06	0.0293295
44.08	0.0297378
44.1	0.0301546
44.12	0.0305803
44.14	0.031015
44.16	0.031459
44.18	0.0319127
44.2	0.0323762
44.22	0.0328499
44.24	0.0333341
44.26	0.033829
44.28	0.0343351
44.3	0.0348525
44.32	0.0353818
44.34	0.0359232
44.36	0.0364771
44.38	0.0370439
44.4	0.037624
44.42	0.0382178
44.44	0.0388258
44.46	0.0394484
44.48	0.0400861
44.5	0.0407394
44.52	0.0414088
44.54	0.0420948
44.56	0.0427979
44.58	0.0435189
44.6	0.0442581
44.62	0.0450164
44.64	0.0457943
44.66	0.0465925
44.68	0.0474117
44.7	0.0482527
44.72	0.0491163
44.74	0.0500033
44.76	0.0509145
44.78	0.0518508
44.8	0.0528131
44.82	0.0538024
44.84	0.0548198
44.86	0.0558663
44.88	0.056943
44.9	0.0580511
44.92	0.0591918
44.94	0.0603665
44.96	0.0615764
44.98	0.062823
45	0.0641078
45.02	0.0654324
45.04	0.0667984
45.06	0.0682076
45.08	0.0696618
45.1	0.071163
45.12	0.0727131
45.14	0.0743143
45.16	0.075969
45.18	0.0776795
45.2	0.0794483
45.22	0.0812781
45.24	0.0831718
45.26	0.0851926
45.28	0.0872236
45.3	0.089328
45.32	0.0915094
45.34	0.0937716
45.36	0.0961185
45.38	0.0985546
45.4	0.101114
45.42	0.103743
45.44	0.106475
45.46	0.109316
45.48	0.112273
45.5	0.11535
45.52	0.118556
45.54	0.121897
45.56	0.125381
45.58	0.129016
45.6	0.132811
45.62	0.136776
45.64	0.140921
45.66	0.145256
45.68	0.149794
45.7	0.154548
45.72	0.159531
45.74	0.164758
45.76	0.170245
45.78	0.17601
45.8	0.182072
45.82	0.188452
45.84	0.195171
45.86	0.202256
45.88	0.209731
45.9	0.217627
45.92	0.225975
45.94	0.234811
45.96	0.244172
45.98	0.254102
46	0.264647
46.02	0.275858
46.04	0.287792
46.06	0.300513
46.08	0.314091
46.1	0.328603
46.12	0.344138
46.14	0.360791
46.16	0.378672
46.18	0.397905
46.2	0.418626
46.22	0.440993
46.24	0.465182
46.26	0.491397
46.28	0.519869
46.3	0.550869
46.32	0.584711
46.34	0.621773
46.36	0.66251
46.38	0.707491
46.4	0.757439
46.42	0.813302
46.44	0.876345
46.46	0.948285
46.48	1.03147
46.5	1.1291
46.52	1.24552
46.54	1.3865
46.56	1.55961
46.58	1.77444
46.6	2.04281
46.62	2.37876
46.64	2.7983
46.66	3.31879
46.68	3.95795
46.7	4.73249
46.72	5.65636
46.74	6.7387
46.76	7.9814
46.78	9.37638
46.8	10.9022
46.82	12.5198
46.84	14.1684
46.86	15.7628
46.88	17.1966
46.9	18.3575
46.92	19.1529
46.94	19.5358
46.96	19.5134
46.98	19.1309
47	18.4447
47.02	17.5031
47.04	16.346
47.06	15.0163
47.08	13.5691
47.1	12.0705
47.12	10.5866
47.14	9.17273
47.16	7.86836
47.18	6.69649
47.2	5.66675
47.22	4.77887
47.24	4.02575
47.26	3.39601
47.28	2.87581
47.3	2.45034
47.32	2.10487
47.34	1.82552
47.36	1.59979
47.38	1.41685
47.4	1.26758
47.42	1.14458
47.44	1.04194
47.46	0.955105
47.48	0.880599
47.5	0.81581
47.52	0.758792
47.54	0.708101
47.56	0.662652
47.58	0.621627
47.6	0.584393
47.62	0.550449
47.64	0.519394
47.66	0.490894
47.68	0.46467
47.7	0.440482
47.72	0.418125
47.74	0.397419
47.76	0.378205
47.78	0.360344
47.8	0.343713
47.82	0.328203
47.84	0.313715
47.86	0.300162
47.88	0.287465
47.9	0.275556
47.92	0.264369
47.94	0.253849
47.96	0.243943
47.98	0.234605
48	0.225792
48.02	0.217466
48.04	0.209593
48.06	0.202139
48.08	0.195076
48.1	0.188377
48.12	0.182017
48.14	0.175975
48.16	0.170229
48.18	0.164761
48.2	0.159552
48.22	0.154588
48.24	0.149852
48.26	0.145331
48.28	0.141013
48.3	0.136886
48.32	0.145272
48.34	0.141585
48.36	0.138059
48.38	0.134685
48.4	0.131455
48.42	0.12836
48.44	0.125395
48.46	0.12871
48.48	0.126029
48.5	0.123459
48.52	0.120994
48.54	0.11863
48.56	0.116361
48.58	0.114183
48.6	0.112091
48.62	0.110082
48.64	0.108152
48.66	0.106298
48.68	0.104515
48.7	0.102802
48.72	0.101154
48.74	0.09957
48.76	0.0980464
48.78	0.0965809
48.8	0.0951712
48.82	0.0938151
48.84	0.0925104
48.86	0.0912552
48.88	0.0900477
48.9	0.088886
48.92	0.0877685
48.94	0.0866936
48.96	0.0856597
48.98	0.0846655
49	0.0837096
49.02	0.0827907
49.04	0.0819076
49.06	0.0810592
49.08	0.0802443
49.1	0.0794619
49.12	0.0787111
49.14	0.077991
49.16	0.0773005
49.18	0.076639
49.2	0.0760056
49.22	0.0753996
49.24	0.0748203
49.26	0.074267
49.28	0.0737391
49.3	0.0732361
49.32	0.0727573
49.34	0.0723023
49.36	0.0718706
49.38	0.0714618
49.4	0.0710754
49.42	0.070711
49.44	0.0703684
49.46	0.0700471
49.48	0.069747
49.5	0.0694678
49.52	0.0692092
49.54	0.068971
49.56	0.0687532
49.58	0.0685556
49.6	0.0683781
49.62	0.0682206
49.64	0.0680832
49.66	0.0679659
49.68	0.0678688
49.7	0.0677919
49.72	0.0677355
49.74	0.0676997
49.76	0.0676849
49.78	0.0676913
49.8	0.0677194
49.82	0.0677696
49.84	0.0678425
49.86	0.0679388
49.88	0.0680591
49.9	0.0682043
49.92	0.0683754
49.94	0.0685735
49.96	0.0687999
49.98	0.069056
50	0.0693435
50.02	0.0696643
50.04	0.0700206
50.06	0.070415
50.08	0.0708505
50.1	0.0713306
50.12	0.0718595
50.14	0.0724425
50.16	0.073086
50.18	0.0737984
50.2	0.0745908
50.22	0.075478
50.24	0.0764802
50.26	0.077625
50.28	0.07895
50.3	0.0805058
50.32	0.0823596
50.34	0.0845982
50.36	0.087331
50.38	0.0906909
50.4	0.0948338
50.42	0.0999346
50.44	0.106179
50.46	0.113752
50.48	0.122823
50.5	0.133524
50.52	0.145929
50.54	0.160027
50.56	0.175691
50.58	0.192643
50.6	0.210404
50.62	0.228256
50.64	0.245221
50.66	0.260136
50.68	0.271849
50.7	0.279522
50.72	0.282874
50.74	0.282192
50.76	0.278099
50.78	0.271231
50.8	0.262061
50.82	0.250904
50.84	0.238072
50.86	0.224013
50.88	0.20933
50.9	0.194683
50.92	0.18066
50.94	0.167698
50.96	0.156068
50.98	0.145895
51	0.137199
51.02	0.129923
51.04	0.123962
51.06	0.119185
51.08	0.115445
51.1	0.112594
51.12	0.110489
51.14	0.109001
51.16	0.108015
51.18	0.107433
51.2	0.107175
51.22	0.107176
51.24	0.107387
51.26	0.107769
51.28	0.108293
51.3	0.108939
51.32	0.10969
51.34	0.110535
51.36	0.111467
51.38	0.112479
51.4	0.113568
51.42	0.114729
51.44	0.11596
51.46	0.11726
51.48	0.118628
51.5	0.120062
51.52	0.121563
51.54	0.12313
51.56	0.124764
51.58	0.126465
51.6	0.128234
51.62	0.130072
51.64	0.131979
51.66	0.133958
51.68	0.136009
51.7	0.138135
51.72	0.140337
51.74	0.142617
51.76	0.14953
51.78	0.152007
51.8	0.154571
51.82	0.157224
51.84	0.159968
51.86	0.162808
51.88	0.165746
51.9	0.168787
51.92	0.174214
51.94	0.177488
51.96	0.180877
51.98	0.184385
52	0.188019
52.02	0.191782
52.04	0.195681
52.06	0.199721
52.08	0.203908
52.1	0.208251
52.12	0.212755
52.14	0.217428
52.16	0.222278
52.18	0.227313
52.2	0.232544
52.22	0.237979
52.24	0.243629
52.26	0.249504
52.28	0.255617
52.3	0.261981
52.32	0.268607
52.34	0.275512
52.36	0.282709
52.38	0.284703
52.4	0.292577
52.42	0.300797
52.44	0.309382
52.46	0.318355
52.48	0.327739
52.5	0.334799
52.52	0.345103
52.54	0.3559
52.56	0.367221
52.58	0.379101
52.6	0.391577
52.62	0.40469
52.64	0.418483
52.66	0.433004
52.68	0.448306
52.7	0.464445
52.72	0.481482
52.74	0.499487
52.76	0.518532
52.78	0.5387
52.8	0.56008
52.82	0.582771
52.84	0.606882
52.86	0.632533
52.88	0.659858
52.9	0.689005
52.92	0.720138
52.94	0.753441
52.96	0.78912
52.98	0.827403
53	0.868549
53.02	0.912848
53.04	0.960629
53.06	1.01226
53.08	1.06818
53.1	1.12885
53.12	1.19486
53.14	1.26685
53.16	1.3456
53.18	1.43207
53.2	1.52741
53.22	1.63311
53.24	1.75109
53.26	1.88394
53.28	2.03513
53.3	2.20941
53.32	2.41327
53.34	2.65553
53.36	2.94797
53.38	3.30601
53.4	3.74934
53.42	4.30233
53.44	4.99407
53.46	5.85788
53.48	6.93011
53.5	8.24819
53.52	9.84775
53.54	11.7591
53.56	14.0029
53.58	16.5857
53.6	19.4937
53.62	22.6869
53.64	26.0903
53.66	29.5845
53.68	32.9991
53.7	36.1163
53.72	38.6978
53.74	40.5378
53.76	41.5242
53.78	41.6688
53.8	41.0824
53.82	39.9117
53.84	38.2796
53.86	36.2611
53.88	33.8974
53.9	31.2322
53.92	28.3409
53.94	25.3337
53.96	22.3349
53.98	19.4561
54	16.7802
54.02	14.3584
54.04	12.214
54.06	10.3505
54.08	8.75698
54.1	7.41364
54.12	6.2952
54.14	5.37375
54.16	4.6208
54.18	4.00889
54.2	3.5127
54.22	3.10981
54.24	2.78102
54.26	2.51041
54.28	2.28517
54.3	2.0952
54.32	1.93274
54.34	1.79193
54.36	1.66837
54.38	1.55877
54.4	1.4607
54.42	1.37231
54.44	1.29217
54.46	1.21919
54.48	1.15246
54.5	1.09127
54.52	1.03499
54.54	0.983125
54.56	0.935213
54.58	0.890869
54.6	0.849754
54.62	0.811566
54.64	0.776041
54.66	0.742943
54.68	0.71206
54.7	0.683206
54.72	0.656211
54.74	0.630925
54.76	0.607213
54.78	0.58495
54.8	0.564027
54.82	0.544343
54.84	0.525808
54.86	0.508339
54.88	0.491861
54.9	0.476305
54.92	0.46161
54.94	0.447717
54.96	0.434576
54.98	0.422137
55	0.410358
55.02	0.399197
55.04	0.388619
55.06	0.378588
55.08	0.369073
55.1	0.360045
55.12	0.351479
55.14	0.343348
55.16	0.33563
55.18	0.328304
55.2	0.321351
55.22	0.314752
55.24	0.308491
55.26	0.302552
55.28	0.296921
55.3	0.291586
55.32	0.286532
55.34	0.281751
55.36	0.27723
55.38	0.27296
55.4	0.268934
55.42	0.265141
55.44	0.261576
55.46	0.258232
55.48	0.255101
55.5	0.25218
55.52	0.249462
55.54	0.246943
55.56	0.24462
55.58	0.242489
55.6	0.240548
55.62	0.238793
55.64	0.237223
55.66	0.235837
55.68	0.234634
55.7	0.233613
55.72	0.232774
55.74	0.232118
55.76	0.231645
55.78	0.231359
55.8	0.231259
55.82	0.23135
55.84	0.231635
55.86	0.232116
55.88	0.232799
55.9	0.23369
55.92	0.234792
55.94	0.236114
55.96	0.237663
55.98	0.239446
56	0.241474
56.02	0.243756
56.04	0.246304
56.06	0.249131
56.08	0.252249
56.1	0.255675
56.12	0.259425
56.14	0.263518
56.16	0.267915
56.18	0.272758
56.2	0.278012
56.22	0.283705
56.24	0.289867
56.26	0.296531
56.28	0.303736
56.3	0.311492
56.32	0.319906
56.34	0.328998
56.36	0.338826
56.38	0.349454
56.4	0.360952
56.42	0.3734
56.44	0.386888
56.46	0.401518
56.48	0.417402
56.5	0.434671
56.52	0.453472
56.54	0.473973
56.56	0.496369
56.58	0.520886
56.6	0.547791
56.62	0.577407
56.64	0.610125
56.66	0.646444
56.68	0.687003
56.7	0.732649
56.72	0.784524
56.74	0.844185
56.76	0.91376
56.78	0.996148
56.8	1.09525
56.82	1.2162
56.84	1.36564
56.86	1.55184
56.88	1.78484
56.9	2.07627
56.92	2.43903
56.94	2.88666
56.96	3.43241
56.98	4.088
57	4.86217
57.02	5.75903
57.04	6.77616
57.06	7.90239
57.08	9.11502
57.1	10.3766
57.12	11.6317
57.14	12.8067
57.16	13.8157
57.18	14.5776
57.2	15.0383
57.22	15.1886
57.24	15.0623
57.26	14.7165
57.28	14.2065
57.3	13.5695
57.32	12.8221
57.34	11.9698
57.36	11.0217
57.38	10.0006
57.4	8.94343
57.42	7.89228
57.44	6.885
57.46	5.94948
57.48	5.10268
57.5	4.3523
57.52	3.69929
57.54	3.13991
57.56	2.6674
57.58	2.27319
57.6	1.94771
57.62	1.68121
57.64	1.46418
57.66	1.28784
57.68	1.14438
57.7	1.02706
57.72	0.930301
57.74	0.849587
57.76	0.781364
57.78	0.722893
57.8	0.672099
57.82	0.627429
57.84	0.587724
57.86	0.552119
57.88	0.519961
57.9	0.490747
57.92	0.464084
57.94	0.439657
57.96	0.417208
57.98	0.396518
58	0.377405
58.02	0.359709
58.04	0.343291
58.06	0.328029
58.08	0.313818
58.1	0.300562
58.12	0.288176
58.14	0.276585
58.16	0.265723
58.18	0.255528
58.2	0.245946
58.22	0.236929
58.24	0.228432
58.26	0.220416
58.28	0.212845
58.3	0.205685
58.32	0.198907
58.34	0.192484
58.36	0.186391
58.38	0.180606
58.4	0.175107
58.42	0.169876
58.44	0.164895
58.46	0.160148
58.48	0.155621
58.5	0.151299
58.52	0.147171
58.54	0.143224
58.56	0.139448
58.58	0.135833
58.6	0.132369
58.62	0.129049
58.64	0.125863
58.66	0.122805
58.68	0.119868
58.7	0.117045
58.72	0.114331
58.74	0.111719
58.76	0.109204
58.78	0.106781
58.8	0.104446
58.82	0.102195
58.84	0.100023
58.86	0.0979269
58.88	0.0959025
58.9	0.0939467
58.92	0.0920563
58.94	0.0902283
58.96	0.0884599
58.98	0.0867484
59	0.0850914
59.02	0.0834864
59.04	0.0819312
59.06	0.0804236
59.08	0.0789618
59.1	0.0775437
59.12	0.0761676
59.14	0.0748317
59.16	0.0735345
59.18	0.0722744
59.2	0.0588728
59.22	0.0577712
59.24	0.0567016
59.26	0.0556626
59.28	0.0546532
59.3	0.0536722
59.32	0.0527185
59.34	0.0517911
59.36	0.0448352
59.38	0.0440015
59.4	0.0431908
59.42	0.0424023
59.44	0.0416352
59.46	0.0408888
59.48	0.0401622
59.5	0.0394548
59.52	0.0387659
59.54	0.0380949
59.56	0.0374412
59.58	0.0368042
59.6	0.0361832
59.62	0.0355779
59.64	0.0349876
59.66	0.0344118
59.68	0.0338502
59.7	0.0333022
59.72	0.0327674
59.74	0.0322454
59.76	0.0317357
59.78	0.031238
59.8	0.030752
59.82	0.0302772
59.84	0.0298133
59.86	0.0293599
59.88	0.0289169
59.9	0.0284838
59.92	0.0280603
59.94	0.0276462
59.96	0.0272412
59.98	0.0268451
60	0.0264575
60.02	0.0260782
60.04	0.0257071
60.06	0.0253438
60.08	0.0249882
60.1	0.02464
60.12	0.024299
60.14	0.023965
60.16	0.0236379
60.18	0.0233174
60.2	0.0230034
60.22	0.0226957
60.24	0.0223942
60.26	0.0220986
60.28	0.0218088
60.3	0.0215247
60.32	0.021246
60.34	0.0209728
60.36	0.0207048
60.38	0.0204419
60.4	0.020184
60.42	0.0199309
60.44	0.0196826
60.46	0.0194389
60.48	0.0191996
60.5	0.0189648
60.52	0.0187342
60.54	0.0185078
60.56	0.0182855
60.58	0.0180672
60.6	0.0178528
60.62	0.0176421
60.64	0.0174352
60.66	0.0172319
60.68	0.0170321
60.7	0.0168358
60.72	0.0166428
60.74	0.0164532
60.76	0.0162667
60.78	0.0160834
60.8	0.0159032
60.82	0.015726
60.84	0.0155518
60.86	0.0153804
60.88	0.0152119
60.9	0.0150461
60.92	0.014883
60.94	0.0147225
60.96	0.0145646
60.98	0.0144093
61	0.0142564
61.02	0.0141059
61.04	0.0139578
61.06	0.0138121
61.08	0.0136686
61.1	0.0135273
61.12	0.0133882
61.14	0.0132512
61.16	0.0131163
61.18	0.0129835
61.2	0.0128527
61.22	0.0127238
61.24	0.0125969
61.26	0.0124719
61.28	0.0123487
61.3	0.0122273
61.32	0.0121077
61.34	0.0119899
61.36	0.0118738
61.38	0.0117593
61.4	0.0116465
61.42	0.0115353
61.44	0.0114257
61.46	0.0113177
61.48	0.0112111
61.5	0.0111061
61.52	0.0110026
61.54	0.0109004
61.56	0.0107997
61.58	0.0107004
61.6	0.0106025
61.62	0.0105059
61.64	0.0104106
61.66	0.0103166
61.68	0.0102238
61.7	0.0101323
61.72	0.0100421
61.74	0.00995299
61.76	0.0098651
61.78	0.00977836
61.8	0.00969277
61.82	0.0096083
61.84	0.00952492
61.86	0.00944263
61.88	0.00936139
61.9	0.00928121
61.92	0.00920204
61.94	0.00912389
61.96	0.00904672
61.98	0.00897054
62	0.00889531
62.02	0.00882102
62.04	0.00874766
62.06	0.00867521
62.08	0.00860365
62.1	0.00853298
62.12	0.00846318
62.14	0.00839422
62.16	0.00832611
62.18	0.00825882
62.2	0.00819235
62.22	0.00812667
62.24	0.00806178
62.26	0.00799767
62.28	0.00793432
62.3	0.00787171
62.32	0.00780985
62.34	0.00774871
62.36	0.00768828
62.38	0.00762856
62.4	0.00756954
62.42	0.00751119
62.44	0.00745352
62.46	0.00739651
62.48	0.00734015
62.5	0.00728443
62.52	0.00722935
62.54	0.00717488
62.56	0.00712103
62.58	0.00706779
62.6	0.00701513
62.62	0.00696307
62.64	0.00691158
62.66	0.0023755
62.68	0.00235773
62.7	0.00234017
62.72	0.0023228
62.74	0.00230562
62.76	0.00228863
62.78	0.00227183
62.8	0
62.82	0
62.84	0
62.86	0
62.88	0
62.9	0
62.92	0
62.94	0
62.96	0
62.98	0
63	0
63.02	0
63.04	0
63.06	0
63.08	0
63.1	0
63.12	0
63.14	0
63.16	0
63.18	0
63.2	0
63.22	0
63.24	0
63.26	0
63.28	0
63.3	0
63.32	0
63.34	0
63.36	0
63.38	0
63.4	0
63.42	0
63.44	0
63.46	0
63.48	0
63.5	0
63.52	0
63.54	0
63.56	0
63.58	0
63.6	0
63.62	0
63.64	0
63.66	0
63.68	0
63.7	0
63.72	0
63.74	0
63.76	0
63.78	0
63.8	0
63.82	0
63.84	0
63.86	0
63.88	0
63.9	0
63.92	0
63.94	0
63.96	0
63.98	0
64	0
64.02	0
64.04	0
64.06	0
64.08	0
64.1	0
64.12	0
64.14	0
64.16	0
64.18	0
64.2	0
64.22	0
64.24	0
64.26	0
64.28	0
64.3	0
64.32	0
64.34	0
64.36	0
64.38	0
64.4	0
64.42	0
64.44	0
64.46	0
64.48	0
64.5	0
64.52	0
64.54	0
64.56	0
64.58	0
64.6	0
64.62	0
64.64	0
64.66	0
64.68	0
64.7	0
64.72	0
64.74	0
64.76	0
64.78	0
64.8	0
64.82	0
64.84	0
64.86	0
64.88	0
64.9	0
64.92	0
64.94	0
64.96	0
64.98	0
65	0
65.02	0
65.04	0
65.06	0
65.08	0
65.1	0
65.12	0
65.14	0
65.16	0
65.18	0
65.2	0
65.22	0
65.24	0
65.26	0
65.28	0
65.3	0
65.32	0
65.34	0
65.36	0
65.38	0
65.4	0
65.42	0
65.44	0
65.46	0
65.48	0
65.5	0
65.52	0
65.54	0
65.56	0
65.58	0
65.6	0
65.62	0
65.64	0
65.66	0
65.68	0
65.7	0
65.72	0
65.74	0
65.76	0
65.78	0
65.8	0
65.82	0
65.84	0
65.86	0
65.88	0
65.9	0
65.92	0
65.94	0
65.96	0
65.98	0
66	0
66.02	0
66.04	0
66.06	0
66.08	0
66.1	0
66.12	0.0170355
66.14	0.0171617
66.16	0.0172893
66.18	0.0174183
66.2	0.0175487
66.22	0.0176806
66.24	0.0178141
66.26	0.017949
66.28	0.0180854
66.3	0.0182235
66.32	0.0268639
66.34	0.0270681
66.36	0.0272745
66.38	0.0274833
66.4	0.0276946
66.42	0.0279082
66.44	0.0281244
66.46	0.0283431
66.48	0.0285643
66.5	0.0287882
66.52	0.0290146
66.54	0.0292438
66.56	0.0294757
66.58	0.0297104
66.6	0.0299478
66.62	0.0301882
66.64	0.0304314
66.66	0.0306776
66.68	0.0309268
66.7	0.031179
66.72	0.0314344
66.74	0.0316929
66.76	0.0319545
66.78	0.0322195
66.8	0.0324877
66.82	0.0327594
66.84	0.0330344
66.86	0.0333129
66.88	0.033595
66.9	0.0338806
66.92	0.0341699
66.94	0.034463
66.96	0.0347598
66.98	0.0350604
67	0.035365
67.02	0.0356736
67.04	0.0359862
67.06	0.036303
67.08	0.036624
67.1	0.0369492
67.12	0.0372788
67.14	0.0376128
67.16	0.0379513
67.18	0.0382944
67.2	0.0386422
67.22	0.0389948
67.24	0.0393522
67.26	0.0397145
67.28	0.0400819
67.3	0.0404544
67.32	0.0408321
67.34	0.0412151
67.36	0.0416035
67.38	0.0419975
67.4	0.042397
67.42	0.0428023
67.44	0.0432135
67.46	0.0436306
67.48	0.0440537
67.5	0.0444831
67.52	0.0449187
67.54	0.0453608
67.56	0.0458095
67.58	0.0462648
67.6	0.046727
67.62	0.0471961
67.64	0.0476723
67.66	0.0481558
67.68	0.0486467
67.7	0.0491451
67.72	0.0496512
67.74	0.0501651
67.76	0.0506871
67.78	0.0512173
67.8	0.0517558
67.82	0.0523029
67.84	0.0528587
67.86	0.0534234
67.88	0.0539972
67.9	0.0545803
67.92	0.0551729
67.94	0.0557752
67.96	0.0563874
67.98	0.0570098
68	0.0576425
68.02	0.0582858
68.04	0.05894
68.06	0.0596052
68.08	0.0602817
68.1	0.0609699
68.12	0.0616698
68.14	0.0623819
68.16	0.0631064
68.18	0.0638437
68.2	0.0645939
68.22	0.0653574
68.24	0.0661345
68.26	0.0669256
68.28	0.0677309
68.3	0.0685509
68.32	0.0693858
68.34	0.0702361
68.36	0.0711022
68.38	0.0719843
68.4	0.072883
68.42	0.0737986
68.44	0.0747316
68.46	0.0756824
68.48	0.0766514
68.5	0.0776392
68.52	0.0786462
68.54	0.0796729
68.56	0.0807198
68.58	0.0817876
68.6	0.0828766
68.62	0.0839876
68.64	0.085121
68.66	0.0862776
68.68	0.0874579
68.7	0.0886626
68.72	0.0898923
68.74	0.0911478
68.76	0.0924298
68.78	0.093739
68.8	0.0950763
68.82	0.0964424
68.84	0.0978381
68.86	0.0992644
68.88	0.100722
68.9	0.102212
68.92	0.103735
68.94	0.105293
68.96	0.106886
68.98	0.108516
69	0.110183
69.02	0.111888
69.04	0.113634
69.06	0.115421
69.08	0.11725
69.1	0.124906
69.12	0.126867
69.14	0.128876
69.16	0.130933
69.18	0.13304
69.2	0.1352
69.22	0.137413
69.24	0.139682
69.26	0.142008
69.28	0.144394
69.3	0.149715
69.32	0.152247
69.34	0.154845
69.36	0.157511
69.38	0.160249
69.4	0.163059
69.42	0.165946
69.44	0.168912
69.46	0.171959
69.48	0.175092
69.5	0.178312
69.52	0.181624
69.54	0.185031
69.56	0.188537
69.58	0.192145
69.6	0.195859
69.62	0.199685
69.64	0.203626
69.66	0.207687
69.68	0.211873
69.7	0.216189
69.72	0.220641
69.74	0.225235
69.76	0.229976
69.78	0.234872
69.8	0.239928
69.82	0.245153
69.84	0.250554
69.86	0.256138
69.88	0.261914
69.9	0.267892
69.92	0.27408
69.94	0.28049
69.96	0.287131
69.98	0.294015
70	0.301153
70.02	0.30856
70.04	0.316248
70.06	0.324232
70.08	0.332528
70.1	0.341152
70.12	0.350121
70.14	0.359455
70.16	0.369173
70.18	0.379297
70.2	0.389851
70.22	0.400858
70.24	0.412346
70.26	0.424343
70.28	0.436879
70.3	0.449987
70.32	0.463704
70.34	0.478067
70.36	0.493118
70.38	0.508901
70.4	0.525465
70.42	0.542863
70.44	0.561152
70.46	0.580393
70.48	0.600655
70.5	0.62201
70.52	0.644539
70.54	0.66833
70.56	0.693479
70.58	0.720091
70.6	0.748283
70.62	0.778181
70.64	0.809927
70.66	0.843675
70.68	0.879599
70.7	0.917888
70.72	0.958754
70.74	1.00243
70.76	1.04919
70.78	1.09932
70.8	1.15316
70.82	1.21107
70.84	1.27347
70.86	1.34085
70.88	1.41375
70.9	1.49279
70.92	1.57868
70.94	1.67226
70.96	1.77453
70.98	1.88668
71	2.01019
71.02	2.14692
71.04	2.2993
71.06	2.47057
71.08	2.6651
71.1	2.88886
71.12	3.15005
71.14	3.45979
71.16	3.83303
71.18	4.28938
71.2	4.85395
71.22	5.55787
71.24	6.43838
71.26	7.53813
71.28	8.90355
71.3	10.5822
71.32	12.6189
71.34	15.0509
71.36	17.9026
71.38	21.1791
71.4	24.8598
71.42	28.8902
71.44	33.173
71.46	37.5563
71.48	41.8245
71.5	45.7007
71.52	48.8766
71.54	51.0807
71.56	52.165
71.58	52.1619
71.6	51.2689
71.62	49.7683
71.64	47.9355
71.66	45.9745
71.68	43.992
71.7	41.9984
71.72	39.9296
71.74	37.6873
71.76	35.1927
71.78	32.4308
71.8	29.4622
71.82	26.3976
71.84	23.3588
71.86	20.4492
71.88	17.7423
71.9	15.2828
71.92	13.0925
71.94	11.1765
71.96	9.52741
71.98	8.12891
72	6.95861
72.02	5.99027
72.04	5.19603
72.06	4.54823
72.08	4.0209
72.1	3.59076
72.12	3.23777
72.14	2.94533
72.16	2.70008
72.18	2.49156
72.2	2.31179
72.22	2.15474
72.24	2.01593
72.26	1.89202
72.28	1.78052
72.3	1.67953
72.32	1.5876
72.34	1.50357
72.36	1.4265
72.38	1.35563
72.4	1.29029
72.42	1.22993
72.44	1.17407
72.46	1.12227
72.48	1.07416
72.5	1.02942
72.52	0.98775
72.54	0.948887
72.56	0.912599
72.58	0.878677
72.6	0.846933
72.62	0.817197
72.64	0.789319
72.66	0.763161
72.68	0.738598
72.7	0.715518
72.72	0.693819
72.74	0.673408
72.76	0.654202
72.78	0.636123
72.8	0.619102
72.82	0.603074
72.84	0.587982
72.86	0.573773
72.88	0.560397
72.9	0.547811
72.92	0.535975
72.94	0.52485
72.96	0.514405
72.98	0.504607
73	0.495429
73.02	0.486846
73.04	0.478835
73.06	0.471375
73.08	0.464448
73.1	0.458037
73.12	0.452127
73.14	0.446707
73.16	0.441765
73.18	0.437291
73.2	0.433279
73.22	0.429723
73.24	0.426617
73.26	0.42396
73.28	0.42175
73.3	0.419988
73.32	0.418676
73.34	0.417818
73.36	0.417421
73.38	0.417491
73.4	0.418039
73.42	0.419076
73.44	0.420615
73.46	0.422674
73.48	0.425271
73.5	0.428428
73.52	0.432169
73.54	0.436523
73.56	0.44152
73.58	0.447197
73.6	0.453593
73.62	0.460753
73.64	0.468728
73.66	0.477575
73.68	0.487356
73.7	0.498144
73.72	0.510019
73.74	0.523071
73.76	0.537401
73.78	0.553126
73.8	0.570376
73.82	0.589298
73.84	0.610062
73.86	0.63286
73.88	0.657916
73.9	0.685488
73.92	0.715882
73.94	0.749464
73.96	0.786679
73.98	0.82809
74	0.874417
74.02	0.92661
74.04	0.985949
74.06	1.05418
74.08	1.13369
74.1	1.22776
74.12	1.34079
74.14	1.47865
74.16	1.64893
74.18	1.86119
74.2	2.12705
74.22	2.46009
74.24	2.87541
74.26	3.38894
74.28	4.01624
74.3	4.77107
74.32	5.66355
74.34	6.69823
74.36	7.87188
74.38	9.17111
74.4	10.5694
74.42	12.0238
74.44	13.4709
74.46	14.8258
74.48	15.9871
74.5	16.8544
74.52	17.3564
74.54	17.4772
74.56	17.263
74.58	16.8034
74.6	16.1999
74.62	15.5393
74.64	14.8791
74.66	14.2433
74.68	13.6256
74.7	12.9958
74.72	12.314
74.74	11.5477
74.76	10.6872
74.78	9.74948
74.8	8.77018
74.82	7.78986
74.84	6.84384
74.86	5.9579
74.88	5.14842
74.9	4.42409
74.92	3.78784
74.94	3.23833
74.96	2.77098
74.98	2.37897
75	2.05401
75.02	1.78708
75.04	1.56914
75.06	1.39157
75.08	1.24664
75.1	1.12763
75.12	1.02898
75.14	0.946192
75.16	0.875741
75.18	0.814933
75.2	0.761737
75.22	0.714642
75.24	0.672524
75.26	0.634543
75.28	0.600066
75.3	0.568602
75.32	0.539766
75.34	0.513246
75.36	0.488783
75.38	0.466159
75.4	0.445188
75.42	0.425709
75.44	0.40758
75.46	0.390676
75.48	0.374887
75.5	0.360115
75.52	0.346272
75.54	0.333282
75.56	0.321073
75.58	0.309582
75.6	0.298754
75.62	0.288536
75.64	0.278883
75.66	0.269753
75.68	0.261107
75.7	0.252911
75.72	0.245133
75.74	0.237744
75.76	0.230719
75.78	0.224032
75.8	0.217663
75.82	0.211589
75.84	0.205793
75.86	0.200258
75.88	0.194967
75.9	0.189905
75.92	0.18506
75.94	0.180418
75.96	0.175969
75.98	0.1717
76	0.167602
76.02	0.163666
76.04	0.159882
76.06	0.156243
76.08	0.152741
76.1	0.149369
76.12	0.146121
76.14	0.14299
76.16	0.139969
76.18	0.137055
76.2	0.134242
76.22	0.131524
76.24	0.128898
76.26	0.126358
76.28	0.123902
76.3	0.121526
76.32	0.119225
76.34	0.116996
76.36	0.114837
76.38	0.112744
76.4	0.110715
76.42	0.108747
76.44	0.106836
76.46	0.104982
76.48	0.103181
76.5	0.101431
76.52	0.0997313
76.54	0.0980786
76.56	0.0964715
76.58	0.0949082
76.6	0.0933871
76.62	0.0919065
76.64	0.090465
76.66	0.0890611
76.68	0.0876934
76.7	0.0863607
76.72	0.0850616
76.74	0.0837951
76.76	0.0825598
76.78	0.0813549
76.8	0.0801791
76.82	0.0790316
76.84	0.0779113
76.86	0.0768174
76.88	0.075749
76.9	0.0747053
76.92	0.0736854
76.94	0.0726886
76.96	0.0717141
76.98	0.0707613
77	0.0698295
77.02	0.0521692
77.04	0.051399
77.06	0.0506466
77.08	0.0499115
77.1	0.049193
77.12	0.0484907
77.14	0.047804
77.16	0.0471326
77.18	0.0464759
77.2	0.0458335
77.22	0.0368141
77.24	0.0362601
77.26	0.0357185
77.28	0.035189
77.3	0.0346711
77.32	0.0341646
77.34	0.0336691
77.36	0.0331844
77.38	0.03271
77.4	0.0322457
77.42	0.0317913
77.44	0.0313464
77.46	0.0309107
77.48	0.0304841
77.5	0.0300663
77.52	0.029657
77.54	0.029256
77.56	0.0288631
77.58	0.0284781
77.6	0.0281007
77.62	0.0277308
77.64	0.0273681
77.66	0.0270125
77.68	0.0266638
77.7	0.0263218
77.72	0.0259863
77.74	0.0256573
77.76	0.0253344
77.78	0.0250176
77.8	0.0247067
77.82	0.0244015
77.84	0.024102
77.86	0.023808
77.88	0.0235193
77.9	0.0232358
77.92	0.0229574
77.94	0.022684
77.96	0.0224155
77.98	0.0221517
78	0.0218925
78.02	0.0216379
78.04	0.0213877
78.06	0.0211418
78.08	0.0209001
78.1	0.0206625
78.12	0.020429
78.14	0.0201994
78.16	0.0199736
78.18	0.0197516
78.2	0.0195333
78.22	0.0193186
78.24	0.0191074
78.26	0.0188997
78.28	0.0186953
78.3	0.0184942
78.32	0.0182964
78.34	0.0181017
78.36	0.0179101
78.38	0.0177216
78.4	0.017536
78.42	0.0173532
78.44	0.0171734
78.46	0.0169963
78.48	0.016822
78.5	0.0166503
78.52	0.0164812
78.54	0.0163147
78.56	0.0161507
78.58	0.0159892
78.6	0.0158301
78.62	0.0156733
78.64	0.0155189
78.66	0.0153667
78.68	0.0152167
78.7	0.015069
78.72	0.0149234
78.74	0.0147799
78.76	0.0146384
78.78	0.014499
78.8	0.0143615
78.82	0.014226
78.84	0.0140924
78.86	0.0139607
78.88	0.0138308
78.9	0.0137028
78.92	0.0167239
78.94	0.0166227
78.96	0.0165234
78.98	0.0164261
79	0.0163308
79.02	0.0162373
79.04	0.0161456
79.06	0.0160558
79.08	0.0159678
79.1	0.0158817
79.12	0.0157972
79.14	0.0157146
79.16	0.0156336
79.18	0.0171291
79.2	0.0170633
79.22	0.0169992
79.24	0.016937
79.26	0.0168765
79.28	0.0168177
79.3	0.0167607
79.32	0.0167055
79.34	0.0166519
79.36	0.0166
79.38	0.0165499
79.4	0.0165014
79.42	0.0164545
79.44	0.0164094
79.46	0.0163658
79.48	0.0163239
79.5	0.0162837
79.52	0.016245
79.54	0.016208
79.56	0.0161726
79.58	0.0161388
79.6	0.0161065
79.62	0.0160759
79.64	0.0160468
79.66	0.0160193
79.68	0.0159934
79.7	0.015969
79.72	0.0159463
79.74	0.0159251
79.76	0.0159054
79.78	0.0178908
79.8	0.0178891
79.82	0.0178892
79.84	0.017891
79.86	0.0178945
79.88	0.0178997
79.9	0.0179067
79.92	0.0179155
79.94	0.017926
79.96	0.0179382
79.98	0.0122709
80	0.012328
80.02	0.0123864
80.04	0.0134471
80.06	0.0135157
80.08	0.0135857
80.1	0.0136573
80.12	0.0137303
80.14	0.0138048
80.16	0.0138808
80.18	0.0139584
80.2	0.0112002
80.22	0.0113016
80.24	0.0114044
80.26	0.0115086
80.28	0.0116143
80.3	0.0117214
80.32	0.0118301
80.34	0.0119402
80.36	0.0120519
80.38	0.0121653
80.4	0.0122802
80.42	0.0123968
80.44	0.012515
80.46	0.012635
80.48	0.0127567
80.5	0.0128802
80.52	0.0130055
80.54	0.0131327
80.56	0.0132618
80.58	0.0133927
80.6	0.0135257
80.62	0.0136607
80.64	0.0137977
80.66	0.0139368
80.68	0.014078
80.7	0.0142214
80.72	0.014367
80.74	0.0145149
80.76	0.0146652
80.78	0.0148177
80.8	0.0149727
80.82	0.0151302
80.84	0.0152902
80.86	0.0154527
80.88	0.0156179
80.9	0.0157858
80.92	0.0159564
80.94	0.0161299
80.96	0.0163062
80.98	0.0164854
81	0.0166676
81.02	0.0168529
81.04	0.0170414
81.06	0.017233
81.08	0.017428
81.1	0.0176263
81.12	0.017828
81.14	0.0180333
81.16	0.0182422
81.18	0.0184547
81.2	0.0186711
81.22	0.0188913
81.24	0.0191154
81.26	0.0193437
81.28	0.0195761
81.3	0.0198127
81.32	0.0200537
81.34	0.0202992
81.36	0.0205493
81.38	0.0208041
81.4	0.0210637
81.42	0.0213282
81.44	0.0215979
81.46	0.0218727
81.48	0.0221529
81.5	0.0224386
81.52	0.0227299
81.54	0.023027
81.56	0.02333
81.58	0.0236391
81.6	0.0239545
81.62	0.0242763
81.64	0.0246048
81.66	0.02494
81.68	0.0252823
81.7	0.0256317
81.72	0.0259886
81.74	0.026353
81.76	0.0267253
81.78	0.0271056
81.8	0.0274943
81.82	0.0278915
81.84	0.0282974
81.86	0.0287125
81.88	0.0291368
81.9	0.0295709
81.92	0.0300148
81.94	0.0304689
81.96	0.0309336
81.98	0.0314092
82	0.0318961
82.02	0.0323945
82.04	0.0329049
82.06	0.0334276
82.08	0.0339631
82.1	0.0345119
82.12	0.0350742
82.14	0.0356507
82.16	0.0362417
82.18	0.0372633
82.2	0.0378881
82.22	0.0385291
82.24	0.0391869
82.26	0.039862
82.28	0.0405552
82.3	0.041267
82.32	0.0419981
82.34	0.0427493
82.36	0.0435213
82.38	0.0443149
82.4	0.0451309
82.42	0.0459703
82.44	0.0468338
82.46	0.0479307
82.48	0.0488472
82.5	0.0497908
82.52	0.0507628
82.54	0.0517644
82.56	0.0527967
82.58	0.0538611
82.6	0.0549589
82.62	0.0560915
82.64	0.0572605
82.66	0.0584676
82.68	0.0597143
82.7	0.0610025
82.72	0.0623341
82.74	0.0637111
82.76	0.0651356
82.78	0.0666099
82.8	0.0681364
82.82	0.0697175
82.84	0.0713562
82.86	0.0730551
82.88	0.0748173
82.9	0.0766462
82.92	0.0785452
82.94	0.080518
82.96	0.0825685
82.98	0.084701
83	0.0869199
83.02	0.0892303
83.04	0.0916371
83.06	0.0941461
83.08	0.0967632
83.1	0.0994949
83.12	0.102348
83.14	0.10533
83.16	0.108449
83.18	0.111714
83.2	0.115134
83.22	0.118719
83.24	0.122481
83.26	0.126431
83.28	0.130582
83.3	0.13495
83.32	0.139548
83.34	0.144395
83.36	0.149509
83.38	0.15491
83.4	0.160621
83.42	0.166666
83.44	0.173073
83.46	0.17987
83.48	0.187093
83.5	0.194777
83.52	0.202963
83.54	0.211697
83.56	0.22103
83.58	0.231018
83.6	0.241726
83.62	0.253226
83.64	0.2656
83.66	0.278939
83.68	0.293349
83.7	0.308951
83.72	0.325886
83.74	0.344319
83.76	0.364447
83.78	0.386512
83.8	0.410815
83.82	0.437744
83.84	0.46781
83.86	0.501702
83.88	0.540358
83.9	0.585066
83.92	0.637585
83.94	0.700293
83.96	0.776348
83.98	0.869842
84	0.985925
84.02	1.13085
84.04	1.31193
84.06	1.53726
84.08	1.81536
84.1	2.1545
84.12	2.56186
84.14	3.04259
84.16	3.59865
84.18	4.22764
84.2	4.9215
84.22	5.66493
84.24	6.43357
84.26	7.19211
84.28	7.89359
84.3	8.48244
84.32	8.90395
84.34	9.11978
84.36	9.12254
84.38	8.93988
84.4	8.62461
84.42	8.23775
84.44	7.83402
84.46	7.45416
84.48	7.12285
84.5	6.8491
84.52	6.62733
84.54	6.43894
84.56	6.25558
84.58	6.04564
84.6	5.78342
84.62	5.45748
84.64	5.07329
84.66	4.64883
84.68	4.20692
84.7	3.76897
84.72	3.35194
84.74	2.96795
84.76	2.62506
84.78	2.32813
84.8	2.07974
84.82	1.88084
84.84	1.73136
84.86	1.63081
84.88	1.57879
84.9	1.57533
84.92	1.62112
84.94	1.71746
84.96	1.86609
84.98	2.06864
85	2.32608
85.02	2.63792
85.04	3.00138
85.06	3.41053
85.08	3.85517
85.1	4.31965
85.12	4.78157
85.14	5.21121
85.16	5.57314
85.18	5.83187
85.2	5.96149
85.22	5.95531
85.24	5.82914
85.26	5.61572
85.28	5.35403
85.3	5.07973
85.32	4.81995
85.34	4.59169
85.36	4.4021
85.38	4.24904
85.4	4.12198
85.42	4.00357
85.44	3.87317
85.46	3.71232
85.48	3.51052
85.5	3.26817
85.52	2.99481
85.54	2.70454
85.56	2.41144
85.58	2.12706
85.6	1.85974
85.62	1.61493
85.64	1.39569
85.66	1.20323
85.68	1.03731
85.7	0.89656
85.72	0.778803
85.74	0.681384
85.76	0.601425
85.78	0.536063
85.8	0.482626
85.82	0.438743
85.84	0.402397
85.86	0.371942
85.88	0.346067
85.9	0.323765
85.92	0.304271
85.94	0.287013
85.96	0.27157
85.98	0.257627
86	0.24495
86.02	0.233358
86.04	0.222712
86.06	0.2129
86.08	0.203831
86.1	0.195428
86.12	0.187626
86.14	0.180367
86.16	0.173604
86.18	0.167293
86.2	0.161395
86.22	0.155876
86.24	0.150708
86.26	0.145861
86.28	0.141313
86.3	0.137042
86.32	0.133027
86.34	0.129253
86.36	0.125703
86.38	0.122362
86.4	0.119219
86.42	0.116261
86.44	0.113478
86.46	0.110862
86.48	0.108403
86.5	0.106095
86.52	0.10393
86.54	0.101902
86.56	0.100008
86.58	0.0982409
86.6	0.0965983
86.62	0.0950767
86.64	0.0936734
86.66	0.0923863
86.68	0.0912141
86.7	0.0901558
86.72	0.0892112
86.74	0.0883807
86.76	0.0876653
86.78	0.0870668
86.8	0.0865876
86.82	0.086231
86.84	0.0860011
86.86	0.0859032
86.88	0.0859432
86.9	0.0861287
86.92	0.0864685
86.94	0.0869728
86.96	0.0876539
86.98	0.0885264
87	0.0896073
87.02	0.0909172
87.04	0.0924814
87.06	0.0943311
87.08	0.0965059
87.1	0.0990578
87.12	0.102056
87.14	0.105594
87.16	0.109801
87.18	0.114854
87.2	0.120995
87.22	0.128553
87.24	0.137961
87.26	0.149782
87.28	0.164716
87.3	0.183615
87.32	0.207462
87.34	0.237342
87.36	0.274379
87.38	0.319651
87.4	0.37407
87.42	0.43825
87.44	0.512356
87.46	0.595944
87.48	0.687777
87.5	0.785622
87.52	0.885991
87.54	0.983908
87.56	1.07287
87.58	1.14535
87.6	1.19424
87.62	1.21493
87.64	1.20715
87.66	1.17527
87.68	1.12672
87.7	1.06979
87.72	1.01176
87.74	0.958066
87.76	0.912075
87.78	0.875209
87.8	0.847057
87.82	0.825511
87.84	0.80701
87.86	0.787099
87.88	0.761451
87.9	0.727109
87.92	0.683349
87.94	0.631634
87.96	0.574758
87.98	0.51582
88	0.457522
88.02	0.401912
88.04	0.350391
88.06	0.303815
88.08	0.26261
88.1	0.226856
88.12	0.196369
88.14	0.170766
88.16	0.149538
88.18	0.132105
88.2	0.117872
88.22	0.106271
88.24	0.0967898
88.26	0.0889856
88.28	0.0824921
88.3	0.0770159
88.32	0.0723287
88.34	0.0682568
88.36	0.0646703
88.38	0.061473
88.4	0.0585938
88.42	0.0559796
88.44	0.0535907
88.46	0.0513961
88.48	0.0493715
88.5	0.0474973
88.52	0.045757
88.54	0.044137
88.56	0.0426253
88.58	0.0412117
88.6	0.039887
88.62	0.0386435
88.64	0.0374739
88.66	0.0363721
88.68	0.0353323
88.7	0.0343497
88.72	0.0334196
88.74	0.0325381
88.76	0.0317014
88.78	0.0309062
88.8	0.0301496
88.82	0.0294287
88.84	0.0287412
88.86	0.0280848
88.88	0.0274573
88.9	0.026857
88.92	0.026282
88.94	0.0257308
88.96	0.0252019
88.98	0.0246941
89	0.0242059
89.02	0.0237363
89.04	0.0232843
89.06	0.0228488
89.08	0.0224289
89.1	0.0220238
89.12	0.0216327
89.14	0.0212549
89.16	0.0208897
89.18	0.0205365
89.2	0.0201946
89.22	0.0198635
89.24	0.0195427
89.26	0.0192317
89.28	0.0189301
89.3	0.0186373
89.32	0.0183531
89.34	0.0180771
89.36	0.0178088
89.38	0.0175479
89.4	0.0172942
89.42	0.0170473
89.44	0.016807
89.46	0.0165729
89.48	0.0163449
89.5	0.0161227
89.52	0.015906
89.54	0.0156947
89.56	0.0154885
89.58	0.0152873
89.6	0.0150909
89.62	0.0148991
89.64	0.0147117
89.66	0.0145286
89.68	0.0143496
89.7	0.0141747
89.72	0.0140035
89.74	0.0138361
89.76	0.0136723
89.78	0.0135119
89.8	0.0102619
89.82	0.0101307
89.84	0.0100024
89.86	0.00987691
89.88	0.00975414
89.9	0.00963401
89.92	0.00951642
89.94	0.00940131
89.96	0.00928859
89.98	0.0091782
