2300.2	424.926227501
2300.67	425.015141423
2301.14	425.10393539
2301.61	425.192609188
2302.08	425.281162602
2302.56	425.371475656
2303.03	425.459785086
2303.5	425.547973486
2303.97	425.636040639
2304.45	425.725856196
2304.92	425.813677622
2305.39	425.901377155
2305.86	425.98895458
2306.33	426.076409682
2306.81	426.165599053
2307.28	426.252806251
2307.75	426.33989048
2308.22	426.426851522
2308.7	426.515535433
2309.17	426.60224683
2309.64	426.688834393
2310.11	426.775297909
2310.58	426.861637164
2311.06	426.949684945
2311.53	427.035772376
2312	427.121734898
2312.47	427.207572295
2312.94	427.293284354
2313.41	427.37887086
2313.88	427.464331598
2314.36	427.551480616
2314.83	427.636686488
2315.3	427.721765944
2315.77	427.80671877
2316.24	427.891544752
2316.71	427.976243675
2317.19	428.062613337
2317.66	428.147054784
2318.13	428.231368524
2318.6	428.315554343
2319.07	428.399612026
2319.54	428.483541359
2320.01	428.567342127
2320.48	428.651014116
2320.96	428.736333219
2321.43	428.819744256
2321.9	428.903025865
2322.37	428.986177833
2322.84	429.069199945
2323.31	429.152091987
2323.78	429.234853744
2324.25	429.317485002
2324.72	429.399985546
2325.19	429.482355162
2325.67	429.566341964
2326.14	429.648446283
2326.61	429.730419027
2327.08	429.81225998
2327.55	429.893968928
2328.02	429.975545656
2328.49	430.056989951
2328.96	430.138301598
2329.43	430.219480382
2329.9	430.300526089
2330.37	430.381438504
2330.84	430.462217413
2331.31	430.542862602
2331.78	430.623373855
2332.25	430.70375096
2332.72	430.7839937
2333.19	430.864101862
2333.66	430.944075232
2334.13	431.023913594
2334.6	431.103616735
2335.07	431.183184439
2335.54	431.262616493
2336.01	431.341912683
2336.48	431.421072792
2336.95	431.500096608
2337.42	431.578983916
2337.89	431.6577345
2338.36	431.736348148
2338.83	431.814824644
2339.3	431.893163774
2339.77	431.971365323
2340.24	432.049429077
2340.71	432.127354822
2341.18	432.205142343
2341.65	432.282791425
2342.12	432.360301855
2342.59	432.437673417
2343.06	432.514905898
2343.53	432.591999083
2344	432.668952757
2344.47	432.745766706
2344.94	432.822440716
2345.41	432.898974571
2345.88	432.975368058
2346.35	433.051620963
2346.82	433.12773307
2347.29	433.203704165
2347.75	433.277922105
2348.22	433.353613545
2348.69	433.429163335
2349.16	433.50457126
2349.63	433.579837105
2350.1	433.654960657
2350.57	433.7299417
2351.04	433.80478002
2351.51	433.879475404
2351.98	433.954027635
2352.45	434.028436501
2352.91	434.10112317
2353.38	434.175247722
2353.85	434.249228269
2354.32	434.323064596
2354.79	434.39675649
2355.26	434.470303735
2355.73	434.543706118
2356.19	434.61540627
2356.66	434.688521378
2357.13	434.761490984
2357.6	434.834314875
2358.07	434.906992835
2358.54	434.97952465
2359.01	435.051910106
2359.47	435.122613518
2359.94	435.194708738
2360.41	435.26665696
2360.88	435.338457969
2361.35	435.410111551
2361.82	435.481617492
2362.28	435.551458861
2362.75	435.622672028
2363.22	435.693736916
2363.69	435.764653308
2364.16	435.835420992
2364.62	435.904538777
2365.09	435.975011575
2365.56	436.045335025
2366.03	436.115508912
2366.5	436.185533023
2366.96	436.253922023
2367.43	436.323649135
2367.9	436.393225831
2368.37	436.462651898
2368.84	436.53192712
2369.3	436.599582131
2369.77	436.668558242
2370.24	436.73738287
2370.71	436.8060558
2371.17	436.873120507
2371.64	436.941492638
2372.11	437.009712432
2372.58	437.077779675
2373.04	437.144250756
2373.51	437.212015512
2373.98	437.279627077
2374.45	437.347085239
2374.91	437.412959371
2375.38	437.480113357
2375.85	437.547113299
2376.31	437.612538343
2376.78	437.679232846
2377.25	437.745772666
2377.72	437.812157591
2378.18	437.876979876
2378.65	437.943057672
2379.12	438.008979934
2379.58	438.073348781
2380.05	438.13896265
2380.52	438.204420345
2380.98	438.268333892
2381.45	438.33348193
2381.92	438.398473157
2382.39	438.463307356
2382.85	438.526609847
2383.32	438.591132701
2383.79	438.65549789
2384.25	438.718340731
2384.72	438.782393311
2385.19	438.846287587
2385.65	438.908668915
2386.12	438.972249318
2386.59	439.035670778
2387.05	439.097588732
2387.52	439.160695055
2387.98	439.222304167
2388.45	439.285094513
2388.92	439.347724853
2389.38	439.408867491
2389.85	439.471180591
2390.32	439.533333046
2390.78	439.594007348
2391.25	439.655841298
2391.71	439.716203461
2392.18	439.777718068
2392.65	439.839070966
2393.11	439.898961694
2393.58	439.959993984
2394.05	440.020863928
2394.51	440.080281358
2394.98	440.140829429
2395.44	440.199931425
2395.91	440.260156785
2396.37	440.318942524
2396.84	440.378844333
2397.31	440.438582308
2397.77	440.496890413
2398.24	440.556303572
2398.7	440.614293362
2399.17	440.673380867
2399.63	440.73105152
2400.1	440.78981253
2400.57	440.848408219
2401.03	440.905596901
2401.5	440.963864831
2401.96	441.020732318
2402.43	441.07867165
2402.89	441.13521712
2403.36	441.192827014
2403.82	441.249049644
2404.29	441.306329261
2404.75	441.362228231
2405.22	441.419176731
2405.68	441.474751217
2406.15	441.531367761
2406.61	441.586616943
2407.08	441.642900691
2407.54	441.697823746
2408.01	441.753773858
2408.47	441.808369966
2408.94	441.863985602
2409.4	441.91825394
2409.87	441.973534261
2410.33	442.027474007
2410.8	442.082418174
2411.26	442.136028507
2411.73	442.190635679
2412.19	442.243915776
2412.66	442.298185114
2413.12	442.351134155
2413.59	442.40506482
2414.05	442.457681982
2414.52	442.511273133
2414.98	442.563557594
2415.44	442.61567719
2415.91	442.668759332
2416.37	442.720544999
2416.84	442.773285533
2417.3	442.824736449
2417.76	442.876021487
2418.23	442.92824988
2418.69	442.979198939
2419.16	443.031083629
2419.62	443.081695888
2420.09	443.133236036
2420.55	443.183510672
2421.01	443.233618009
2421.48	443.284641631
2421.94	443.334410117
2422.41	443.385087103
2422.87	443.434515916
2423.33	443.483776416
2423.8	443.533933745
2424.26	443.582853344
2424.73	443.632661942
2425.19	443.681239819
2425.65	443.729648368
2426.12	443.778934178
2426.58	443.826999777
2427.04	443.87489544
2427.51	443.923656588
2427.97	443.971208073
2428.44	444.019617139
2428.9	444.066823623
2429.36	444.113859158
2429.82	444.160723543
2430.29	444.208429737
2430.75	444.254947487
2431.22	444.302299091
2431.68	444.348469383
2432.14	444.394467511
2432.61	444.44128757
2433.07	444.486937012
2433.53	444.532413683
2433.99	444.577717381
2434.46	444.623827079
2434.92	444.668780457
2435.38	444.713560255
2435.85	444.759134036
2436.31	444.803562285
2436.77	444.847816347
2437.24	444.892852335
2437.7	444.93675362
2438.16	444.980480109
2438.62	445.024031603
2439.09	445.068348914
2439.55	445.111545996
2440.01	445.154567474
2440.48	445.198342621
2440.94	445.24100846
2441.4	445.283498087
2441.86	445.325811302
2442.33	445.368861953
2442.79	445.410817894
2443.25	445.452596814
2443.71	445.494198514
2444.18	445.536521347
2444.64	445.577764137
2445.1	445.618829099
2445.56	445.659716032
2446.03	445.701307724
2446.49	445.741834113
2446.95	445.782181865
2447.41	445.822350778
2447.87	445.862340652
2448.34	445.903014743
2448.8	445.942642032
2449.26	445.982089675
2449.72	446.021357469
2450.18	446.060445215
2450.65	446.100196523
2451.11	446.138919643
2451.57	446.177462107
2452.03	446.215823713
2452.49	446.254004261
2452.96	446.292827606
2453.42	446.330641486
2453.88	446.368273701
2454.34	446.405724048
2454.8	446.442992328
2455.26	446.480078338
2455.73	446.517782101
2456.19	446.554498996
2456.65	446.591033015
2457.11	446.627383956
2457.57	446.663551618
2458.03	446.699535801
2458.5	446.736112533
2458.96	446.771725153
2459.42	446.807153686
2459.88	446.84239793
2460.34	446.877457685
2460.8	446.912332749
2461.26	446.947022922
2461.72	446.981528003
2462.18	447.01584779
2462.65	447.05072207
2463.11	447.084666627
2463.57	447.118425283
2464.03	447.151997837
2464.49	447.185384088
2464.95	447.218583834
2465.41	447.251596875
2465.87	447.28442301
2466.34	447.317769502
2466.8	447.350217146
2467.26	447.382477277
2467.72	447.414549693
2468.18	447.446434192
2468.64	447.478130575
2469.1	447.50963864
2469.56	447.540958185
2470.02	447.57208901
2470.48	447.603030914
2470.94	447.633783696
2471.4	447.664347154
2471.86	447.694721088
2472.32	447.724905296
2472.78	447.754899578
2473.24	447.784703733
2473.7	447.814317559
2474.16	447.843740855
2474.62	447.87297342
2475.08	447.902015054
2475.54	447.930865555
2476	447.959524722
2476.47	447.988609088
2476.93	448.016880813
2477.39	448.044960598
2477.85	448.07284824
2478.31	448.100543539
2478.77	448.128046293
2479.23	448.155356302
2479.68	448.181885916
2480.14	448.208814031
2480.61	448.236127844
2481.07	448.26266486
2481.53	448.289008125
2481.98	448.314591039
2482.44	448.340550422
2482.9	448.366315456
2483.36	448.391885939
2483.82	448.41726167
2484.28	448.442442449
2484.74	448.467428074
2485.2	448.492218344
2485.66	448.516813058
2486.12	448.541212015
2486.58	448.565415015
2487.04	448.589421855
2487.5	448.613232335
2487.96	448.636846254
2488.42	448.660263411
2488.88	448.683483605
2489.34	448.706506635
2489.8	448.729332299
2490.26	448.751960397
2490.71	448.773905216
2491.17	448.796141883
2491.63	448.818180386
2492.09	448.840020523
2492.55	448.861662092
2493.01	448.883104893
2493.47	448.904348724
2493.93	448.925393385
2494.39	448.946238675
2494.84	448.966437696
2495.3	448.986887985
2495.76	449.007138304
2496.22	449.027188451
2496.68	449.047038226
2497.14	449.066687428
2497.6	449.086135855
2498.06	449.105383307
2498.51	449.124017673
2498.97	449.142866951
2499.43	449.161514654
2499.89	449.179960583
2500.35	449.198204535
2500.81	449.216246309
2501.26	449.233700046
2501.72	449.251341268
2502.18	449.268779715
2502.64	449.286015184
2503.1	449.303047475
2503.56	449.319876387
2504.02	449.336501718
2504.47	449.352568446
2504.93	449.36879045
2505.39	449.384808275
2505.85	449.40062172
2506.31	449.416230583
2506.76	449.431301972
2507.22	449.446505529
2507.68	449.461503905
2508.14	449.4762969
2508.59	449.490569383
2509.05	449.504955488
2509.51	449.519135614
2509.97	449.533109559
2510.43	449.546877122
2510.88	449.560145496
2511.34	449.57350419
2511.8	449.586655903
2512.26	449.599600434
2512.71	449.612062894
2513.17	449.624596973
2513.63	449.636923272
2514.09	449.649041589
2514.55	449.660951723
2515	449.672401305
2515.46	449.683899008
2515.92	449.695187929
2516.37	449.706029223
2516.83	449.716904528
2517.29	449.727570453
2517.75	449.738026797
2518.2	449.748052839
2518.66	449.758093983
2519.12	449.767924948
2519.57	449.777338628
2520.03	449.786753209
2520.49	449.795957012
2520.95	449.804949835
2521.4	449.813542819
2521.86	449.822117677
2522.32	449.830480956
2522.77	449.838457502
2523.23	449.846401632
2523.69	449.854133583
2524.14	449.861491947
2524.6	449.868803565
2525.06	449.875902406
2525.51	449.882640843
2525.97	449.889318165
2526.43	449.895782113
2526.88	449.901898879
2527.34	449.907940122
2527.8	449.913767392
2528.25	449.919260742
2528.71	449.924664124
2529.17	449.929852933
2529.62	449.934721123
2530.08	449.93948486
2530.54	449.944033425
2530.99	449.94827471
2531.45	449.952397018
2531.9	449.956220928
2532.36	449.959916192
2532.82	449.963395289
2533.27	449.96658939
2533.73	449.969640258
2534.19	449.972474359
2534.64	449.975036907
2535.1	449.977441596
2535.55	449.979583681
2536.01	449.98155817
2536.47	449.983314895
2536.92	449.984822524
2537.38	449.986147866
2537.83	449.987233103
2538.29	449.988126273
2538.74	449.98878835
2539.2	449.989248562
2539.65	449.989486708
2540.11	449.989513175
2540.57	449.989320088
2541.02	449.988918557
2541.48	449.988290539
2541.93	449.987463149
2542.39	449.986399416
2542.84	449.985145397
2543.3	449.98364516
2543.75	449.981963743
2544.21	449.980026217
2544.67	449.977867343
2545.12	449.975541028
2545.58	449.97294368
2546.03	449.970188038
2546.49	449.967151429
2546.94	449.96396569
2547.4	449.960489033
2547.85	449.956872427
2548.31	449.952954936
2548.76	449.948906693
2549.22	449.944547581
2549.67	449.940066932
2550.13	449.935265411
2550.58	449.930351587
2551.04	449.925106871
2551.49	449.919759102
2551.95	449.914070403
2552.4	449.908287919
2552.86	449.902154452
2553.31	449.895936483
2553.77	449.88935746
2554.22	449.882703237
2554.67	449.875832999
2555.13	449.868586624
2555.58	449.861278981
2556.04	449.853585088
2556.49	449.845839271
2556.95	449.837697073
2557.4	449.829512311
2557.86	449.820921021
2558.31	449.812296546
2558.76	449.803454345
2559.22	449.794190418
2559.67	449.784907353
2560.13	449.775192371
2560.58	449.765467672
2561.03	449.755524299
2561.49	449.745133747
2561.94	449.734747589
2562.4	449.72390402
2562.85	449.713074308
2563.31	449.701776935
2563.76	449.690502899
2564.21	449.679008858
2564.67	449.667031806
2565.12	449.655092291
2565.57	449.642932203
2566.03	449.63027241
2566.48	449.617656825
2566.94	449.60452399
2567.39	449.591445092
2567.84	449.578137372
2568.3	449.564297619
2568.75	449.550527758
2569.2	449.536529654
2569.66	449.521984774
2570.11	449.507525701
2570.56	449.492838964
2571.02	449.477590748
2571.47	449.462444213
2571.93	449.446726382
2572.38	449.431120833
2572.83	449.415288589
2573.28	449.399229841
2573.74	449.382580322
2574.19	449.36606412
2574.65	449.348947381
2575.1	449.331974508
2575.55	449.314776099
2576.01	449.296962592
2576.46	449.279308684
2576.91	449.261429819
2577.36	449.243326189
2577.82	449.224588143
2578.27	449.206030573
2578.72	449.187248818
2579.18	449.167818176
2579.63	449.148583654
2580.08	449.129125525
2580.53	449.109443982
2580.99	449.089094354
2581.44	449.068961603
2581.89	449.048606017
2582.35	449.027567967
2582.8	449.006762345
2583.25	448.985734467
2583.7	448.964484526
2584.16	448.942533043
2584.61	448.920834625
2585.06	448.898914723
2585.51	448.876773528
2585.96	448.854411233
2586.42	448.831323671
2586.87	448.808514847
2587.32	448.785485501
2587.77	448.762235825
2588.23	448.738241961
2588.68	448.714547316
2589.13	448.690632921
2589.58	448.666498967
2590.04	448.641601971
2590.49	448.617024608
2590.94	448.592228265
2591.39	448.567213135
2591.84	448.541979409
2592.29	448.51652728
2592.75	448.49028401
2593.2	448.464390806
2593.65	448.438279777
2594.1	448.411951116
2594.55	448.385405014
2595.01	448.358044456
2595.46	448.331059227
2595.91	448.303857136
2596.36	448.276438375
2596.81	448.248803137
2597.26	448.220951613
2597.72	448.192257816
2598.17	448.163969499
2598.62	448.135465475
2599.07	448.106745937
2599.52	448.077811075
2599.97	448.048661082
2600.42	448.019296149
2600.88	447.989056704
2601.33	447.959257701
2601.78	447.929244338
2602.23	447.899016807
2602.68	447.868575299
2603.13	447.837920005
2603.58	447.807051119
2604.03	447.775968831
2604.49	447.743975457
2604.94	447.71246221
2605.39	447.68073614
2605.84	447.64879744
2606.29	447.616646302
2606.74	447.584282917
2607.19	447.551707476
2607.64	447.518920173
2608.09	447.485921197
2608.54	447.452710742
2608.99	447.419288999
2609.44	447.385656159
2609.9	447.351057937
2610.35	447.316998799
2610.8	447.282729144
2611.25	447.248249164
2611.7	447.213559051
2612.15	447.178658996
2612.6	447.143549191
2613.05	447.108229827
2613.5	447.072701097
2613.95	447.036963192
2614.4	447.001016305
2614.85	446.964860625
2615.3	446.928496347
2615.75	446.89192366
2616.2	446.855142757
2616.65	446.81815383
2617.1	446.780957071
2617.55	446.74355267
2618	446.705940821
2618.45	446.668121713
2618.9	446.630095541
2619.35	446.591862494
2619.8	446.553422765
2620.25	446.514776546
2620.7	446.475924028
2621.15	446.436865402
2621.6	446.397600862
2622.05	446.358130598
2622.5	446.318454803
2622.95	446.278573667
2623.4	446.238487383
2623.85	446.198196142
2624.3	446.157700137
2624.75	446.116999558
2625.2	446.076094598
2625.65	446.034985449
2626.1	445.993672302
2626.55	445.952155348
2627	445.91043478
2627.45	445.86851079
2627.9	445.826383568
2628.35	445.784053307
2628.8	445.741520199
2629.25	445.698784435
2629.69	445.656802589
2630.14	445.613666581
2630.59	445.570328489
2631.04	445.526788504
2631.49	445.483046818
2631.94	445.439103622
2632.39	445.394959108
2632.84	445.350613468
2633.29	445.306066894
2633.74	445.261319578
2634.19	445.21637171
2634.64	445.171223483
2635.08	445.126885004
2635.53	445.081341076
2635.98	445.03559736
2636.43	444.989654048
2636.88	444.94351133
2637.33	444.8971694
2637.78	444.850628448
2638.22	444.804929488
2638.67	444.757995481
2639.12	444.710863024
2639.57	444.663532309
2640.02	444.616003526
2640.47	444.568276869
2640.92	444.520352528
2641.36	444.473302214
2641.81	444.424987464
2642.26	444.376475602
2642.71	444.327766819
2643.16	444.278861307
2643.61	444.229759258
2644.05	444.181558516
2644.5	444.132068324
2644.95	444.082382167
2645.4	444.032500235
2645.85	443.982422721
2646.3	443.932149815
2646.74	443.882805343
2647.19	443.832146562
2647.64	443.781292961
2648.09	443.730244731
2648.54	443.679002065
2648.98	443.628710306
2649.43	443.577083652
2649.88	443.525263133
2650.33	443.47324894
2650.78	443.421041264
2651.22	443.369806863
2651.67	443.317217087
2652.12	443.264434401
2652.57	443.211458995
2653.01	443.159474661
2653.46	443.106118663
2653.91	443.052570516
2654.36	442.998830413
2654.8	442.946099113
2655.25	442.891979927
2655.7	442.837669354
2656.15	442.783167588
2656.59	442.729692288
2657.04	442.674812947
2657.49	442.619742983
2657.94	442.564482587
2658.38	442.510266254
2658.83	442.454629792
2659.28	442.398803469
2659.72	442.344034337
2660.17	442.287833077
2660.62	442.231442528
2661.07	442.174862881
2661.51	442.119357903
2661.96	442.062404827
2662.41	442.005263224
2662.85	441.94920933
2663.3	441.891695428
2663.75	441.83399357
2664.19	441.777392423
2664.64	441.719319395
2665.09	441.661058982
2665.53	441.603912243
2665.98	441.545281789
2666.43	441.486464521
2666.87	441.428773854
2667.32	441.369587674
2667.77	441.310215251
2668.21	441.251982318
2668.66	441.192242113
2669.11	441.132316235
2669.55	441.073542699
2670	441.013250167
2670.45	440.952772535
2670.89	440.893460057
2671.34	440.832616901
2671.78	440.772947388
2672.23	440.711739457
2672.68	440.650347375
2673.12	440.590141688
2673.57	440.528385961
2674.02	440.466446655
2674.46	440.405706455
2674.91	440.343404632
2675.35	440.282310339
2675.8	440.219646751
2676.25	440.156800533
2676.69	440.095174494
2677.14	440.031967639
2677.59	439.968578725
2678.03	439.906422603
2678.48	439.842674182
2678.92	439.780166908
2679.37	439.716059729
2679.81	439.653202037
2680.26	439.588736851
2680.7	439.525529474
2681.15	439.46070703
2681.6	439.395704237
2682.04	439.331971751
2682.49	439.266612829
2682.93	439.202532495
2683.38	439.136818195
2683.82	439.072390747
2684.27	439.006321819
2684.71	438.941547991
2685.16	438.875125184
2685.6	438.810005708
2686.05	438.743229774
2686.49	438.677765383
2686.94	438.610637071
2687.39	438.543330875
2687.83	438.477348558
2688.28	438.409691114
2688.72	438.343365721
2689.17	438.275357777
2689.61	438.20869004
2690.06	438.140332348
2690.5	438.073323001
2690.95	438.00461631
2691.39	437.937266086
2691.84	437.868211146
2692.28	437.800520779
2692.73	437.731118339
2693.17	437.663088563
2693.62	437.593339374
2694.06	437.524970921
2694.51	437.454875733
2694.95	437.386169336
2695.39	437.317296137
2695.84	437.246685293
2696.28	437.177475246
2696.73	437.106520274
2697.17	437.036974113
2697.62	436.965675762
2698.06	436.89579422
2698.51	436.824153242
2698.95	436.753937052
2699.39	436.68355569
2699.84	436.611404092
2700.28	436.540689178
2700.73	436.468196822
2701.17	436.39714909
2701.61	436.32593709
2702.06	436.25293691
2702.5	436.181393187
2702.95	436.108054121
2703.39	436.036179409
2703.84	435.962502206
2704.28	435.890297238
2704.72	435.817929269
2705.17	435.743748159
2705.61	435.671051029
2706.06	435.596533653
2706.5	435.523508097
2706.94	435.450320444
2707.39	435.375301956
2707.83	435.301786972
2708.27	435.228110433
2708.72	435.152592508
2709.16	435.078589734
2709.6	435.004425946
2710.05	434.92841026
2710.49	434.853921333
2710.94	434.777573493
2711.38	434.702760161
2711.82	434.627786719
2712.27	434.550943913
2712.71	434.475647161
2713.15	434.400190842
2713.6	434.322854744
2714.04	434.247076211
2714.48	434.171138652
2714.93	434.093310938
2715.37	434.017052262
2715.81	433.940635101
2716.26	433.862317445
2716.7	433.785580262
2717.14	433.708685137
2717.58	433.631632249
2718.03	433.552665163
2718.47	433.475293712
2718.91	433.397765039
2719.36	433.318311915
2719.8	433.240465775
2720.24	433.162462954
2720.68	433.084303634
2721.13	433.004206276
2721.57	432.925730946
2722.01	432.847099658
2722.46	432.766520166
2722.9	432.687573965
2723.34	432.608472346
2723.78	432.529215491
2724.23	432.44799696
2724.67	432.368426649
2725.11	432.288701643
2725.55	432.20882212
2726	432.126967516
2726.44	432.046775997
2726.88	431.966430503
2727.32	431.885931214
2727.76	431.805278308
2728.21	431.722633677
2728.65	431.641670595
2729.09	431.56055444
2729.53	431.47928539
2729.98	431.396011355
2730.42	431.314433587
2730.86	431.232703466
2731.3	431.150821171
2731.75	431.0669207
2732.19	430.984731147
2732.63	430.90238996
2733.07	430.819897321
2733.51	430.737253408
2733.95	430.6544584
2734.4	430.56962559
2734.84	430.486525507
2735.28	430.403274872
2735.72	430.319873862
2736.16	430.236322659
2736.61	430.150717397
2737.05	430.066862939
2737.49	429.982858829
2737.93	429.898705245
2738.37	429.814402367
2738.81	429.729950375
2739.25	429.645349446
2739.7	429.558671905
2740.14	429.473770269
2740.58	429.388720238
2741.02	429.303521993
2741.46	429.218175713
2741.9	429.132681577
2742.34	429.047039763
2742.78	428.961250452
2743.23	428.873359007
2743.67	428.787271897
2744.11	428.70103783
2744.55	428.614656987
2744.99	428.528129547
2745.43	428.441455689
2745.87	428.354635591
2746.31	428.267669434
2746.76	428.178575884
2747.2	428.091314836
2747.64	428.00390827
2748.08	427.916356365
2748.52	427.828659301
2748.96	427.740817257
2749.4	427.652830412
2749.84	427.564698945
2750.28	427.476423036
2750.72	427.388002863
2751.16	427.299438607
2751.6	427.210730445
2752.04	427.121878558
2752.49	427.030858835
2752.93	426.941716779
2753.36	426.854462337
2753.81	426.763003294
2754.25	426.673432224
2754.69	426.583718508
2755.13	426.493862325
2755.57	426.403863855
2756.01	426.313723276
2756.45	426.223440769
2756.89	426.133016511
2757.33	426.042450683
2757.77	425.951743463
2758.21	425.860895032
2758.65	425.769905567
2759.09	425.678775249
2759.53	425.587504256
2759.97	425.496092768
2760.41	425.404540965
2760.85	425.312849024
2761.29	425.221017126
2761.73	425.12904545
2762.17	425.036934175
2762.61	424.94468348
2763.05	424.852293544
2763.49	424.759764547
2763.93	424.667096668
2764.37	424.574290087
2764.78	424.487686544
2765.22	424.394612522
2765.66	424.301400321
2766.11	424.205926925
2766.55	424.112435778
2766.99	424.018806995
2767.44	423.922908109
2767.88	423.829001475
2768.32	423.734957748
2768.76	423.640777105
2769.2	423.546459728
2769.64	423.452005794
2770.09	423.35526412
2770.53	423.260534519
2770.97	423.165668903
2771.41	423.070667453
2771.85	422.975530346
2772.3	422.878090904
2772.74	422.782679951
2773.18	422.687133884
2773.62	422.591452882
2774.06	422.495637124
2774.51	422.397504539
2774.95	422.301416755
2775.39	422.205194758
2775.83	422.108838727
2776.27	422.01234884
2776.71	421.915725277
2777.16	421.816767643
2777.6	421.719874238
2778.04	421.622847699
2778.48	421.525688204
2778.92	421.428395934
2779.36	421.330971068
2779.8	421.233413784
2780.24	421.135724261
2780.69	421.035677929
2781.13	420.937721474
2781.57	420.839633322
2782.01	420.741413652
2782.45	420.643062646
2782.89	420.54458048
2783.33	420.445967335
2783.78	420.344977691
2784.22	420.246100159
2784.66	420.147092189
2785.1	420.04795396
2785.54	419.948685653
2785.98	419.849287446
2786.42	419.749759518
2786.86	419.650102049
2787.3	419.550315217
2787.74	419.450399203
2788.18	419.350354185
2788.62	419.250180343
2789.07	419.14759676
2789.51	419.047162889
2789.95	418.946600735
2790.39	418.845910478
2790.83	418.745092296
2791.27	418.64414637
2791.71	418.543072878
2792.15	418.441872
2792.59	418.340543914
2793.03	418.2390888
2793.47	418.137506838
2793.91	418.035798206
2794.35	417.933963084
2794.79	417.832001651
2795.23	417.729914086
2795.67	417.627700568
2796.11	417.525361277
2796.55	417.422896392
2796.99	417.320306092
2797.43	417.217590556
2797.87	417.114749965
2798.31	417.011784496
2798.75	416.908694329
2799.19	416.805479643
2799.63	416.702140618
2800.07	416.598677433
2800.51	416.495090266
2800.95	416.391379298
2801.39	416.287544708
2801.83	416.183586674
2802.27	416.079505376
2802.71	415.975300994
2803.15	415.870973706
2803.59	415.766523691
2804.03	415.66195113
2804.47	415.557256201
2804.91	415.452439083
2805.35	415.347499956
2805.79	415.242438998
2806.23	415.13725639
2806.67	415.03195231
2807.11	414.926526938
2807.55	414.820980452
2807.99	414.715313033
2808.42	414.611930475
2808.86	414.506024464
2809.3	414.399998052
2809.74	414.29385142
2810.18	414.187584745
2810.62	414.081198208
2811.06	413.974691988
2811.5	413.868066263
2811.94	413.761321214
2812.38	413.654457019
2812.82	413.547473858
2813.26	413.440371909
2813.7	413.333151352
2814.13	413.228253203
2814.57	413.120798654
2815.01	413.013226031
2815.45	412.905535512
2815.89	412.797727278
2816.33	412.689801507
2816.77	412.581758378
2817.21	412.473598072
2817.64	412.367782913
2818.08	412.259391441
2818.52	412.150883324
2818.96	412.042258742
2819.4	411.933517875
2819.84	411.8246609
2820.28	411.715687998
2820.71	411.60907992
2821.15	411.499878325
2821.59	411.390561336
2822.03	411.281129133
2822.47	411.171581894
2822.91	411.061919799
2823.34	410.954639226
2823.78	410.844750557
2824.22	410.734747565
2824.66	410.62463043
2825.1	410.514399331
2825.54	410.404054447
2825.97	410.296107637
2826.41	410.185538297
2826.85	410.074855706
2827.29	409.964060042
2827.73	409.853151486
2828.16	409.744654678
2828.6	409.63352343
2829.04	409.522279822
2829.48	409.410924035
2829.91	409.301990849
2830.35	409.190413779
2830.79	409.078725063
2831.23	408.96692488
2831.67	408.855013409
2832.1	408.74553803
2832.54	408.633407041
2832.98	408.521165298
2833.42	408.408812979
2833.86	408.296350265
2834.29	408.186337033
2834.73	408.073656565
2835.17	407.960866234
2835.6	407.850533347
2836.04	407.737526317
2836.48	407.624409958
2836.92	407.51118445
2837.35	407.400426965
2837.79	407.286986168
2838.23	407.173436754
2838.67	407.059778905
2839.1	406.948599593
2839.54	406.834727863
2839.98	406.72074823
2840.41	406.609254964
2840.85	406.495062506
2841.29	406.380762679
2841.73	406.266355663
2842.16	406.154445414
2842.6	406.039826982
2843.04	405.925101894
2843.47	405.812881318
2843.91	405.697945869
2844.35	405.582904297
2844.78	405.470374947
2845.22	405.35512407
2845.66	405.239767604
2846.09	405.126931032
2846.53	405.011366315
2846.97	404.895696544
2847.4	404.782554302
2847.84	404.666677336
2848.28	404.550695847
2848.71	404.437249489
2849.15	404.321061861
2849.59	404.204770245
2850.02	404.091021322
2850.46	403.974524621
2850.9	403.857924466
2851.33	403.743874532
2851.77	403.627070347
2852.2	403.512821363
2852.64	403.395813849
2853.08	403.278703768
2853.51	403.164156356
2853.95	403.046844002
2854.39	402.929429616
2854.82	402.814585329
2855.26	402.696969724
2855.69	402.581929134
2856.13	402.46411301
2856.57	402.346195742
2857	402.230860862
2857.44	402.112744131
2857.87	401.997214663
2858.31	401.87889917
2858.75	401.76048342
2859.18	401.644662245
2859.62	401.526048789
2860.05	401.410034743
2860.49	401.29122428
2860.92	401.175018047
2861.36	401.056011279
2861.8	400.936905497
2862.23	400.820411172
2862.67	400.70111014
2863.1	400.584425345
2863.54	400.464929763
2863.97	400.348055182
2864.41	400.228365751
2864.84	400.11130207
2865.28	399.991419491
2865.71	399.874167393
2866.15	399.754092367
2866.59	399.633920278
2867.02	399.516385766
2867.46	399.396022284
2867.89	399.278301072
2868.33	399.1577469
2868.76	399.039839672
2869.2	398.919095509
2869.63	398.801002951
2870.07	398.680069498
2870.5	398.561792295
2870.94	398.440670252
2871.37	398.322209089
2871.81	398.200899158
2872.24	398.082254718
2872.68	397.960757599
2873.11	397.841930569
2873.54	397.723013545
2873.98	397.601238026
2874.42	397.479368634
2874.85	397.360178476
2875.28	397.240899001
2875.72	397.118753304
2876.15	396.999293631
2876.59	396.876963895
2877.02	396.757324709
2877.46	396.634811636
2877.89	396.514993621
2878.33	396.392297911
2878.76	396.272301753
2879.19	396.1522178
2879.63	396.02925049
2880.06	395.908989416
2880.5	395.785841217
2880.93	395.665403708
2881.37	395.54207532
2881.8	395.42146206
2882.24	395.297954185
2882.67	395.17716586
2883.1	395.05629126
2883.54	394.932516491
2883.97	394.811467849
2884.41	394.68751534
2884.84	394.56629334
2885.27	394.44498591
2885.71	394.320769119
2886.14	394.199289355
2886.58	394.074896572
2887.01	393.953245158
2887.44	393.831509159
2887.88	393.706854706
2888.31	393.58494808
2888.74	393.462957375
2889.18	393.338042815
2889.61	393.215882507
2890.04	393.093638625
2890.48	392.968465524
2890.91	392.846053062
2891.35	392.720707811
2891.78	392.598127454
2892.21	392.475464368
2892.65	392.349863188
2893.08	392.227033229
2893.51	392.104121047
2893.95	391.978265502
2894.38	391.855187471
2894.81	391.732027722
2895.25	391.605919377
2895.68	391.482594803
2896.11	391.359189017
2896.54	391.235702185
2896.98	391.109259847
2897.41	390.985609553
2897.85	390.8590003
2898.28	390.735187227
2898.71	390.611293953
2899.14	390.487320645
2899.58	390.360381565
2900.01	390.236246841
2900.44	390.112032589
2900.88	389.984847484
2901.31	389.860472838
2901.74	389.736019171
2902.17	389.611486648
2902.61	389.483976568
2903.04	389.359285014
2903.47	389.234515111
2903.91	389.106762654
2904.34	388.981834743
2904.77	388.856828988
2905.2	388.731745557
2905.64	388.603672978
2906.07	388.478432901
2906.5	388.353115653
2906.93	388.227721403
2907.37	388.099331473
2907.8	387.973781938
2908.23	387.848155906
2908.66	387.722453544
2909.09	387.596675019
2909.53	387.467892747
2909.96	387.341960639
2910.39	387.215952873
2910.82	387.089869618
2911.26	386.960776225
2911.69	386.834540747
2912.12	386.708230285
2912.55	386.581845007
2912.98	386.45538508
2913.42	386.325907125
2913.85	386.199296676
2914.28	386.072612082
2914.71	385.945853513
2915.14	385.819021135
2915.57	385.692115116
2916.01	385.562181738
2916.44	385.435127235
2916.87	385.307999596
2917.3	385.180798988
2917.74	385.050564868
2918.17	384.923217139
2918.6	384.795796947
2919.03	384.668304459
2919.46	384.540739844
2919.89	384.413103267
2920.32	384.285394898
2920.76	384.154642423
2921.19	384.026789308
2921.62	383.898864906
2922.05	383.770869383
2922.48	383.642802907
2922.91	383.514665645
2923.34	383.386457765
2923.78	383.255195379
2924.21	383.126845131
2924.64	382.998424771
2925.07	382.869934464
2925.5	382.74137438
2925.93	382.612744684
2926.36	382.484045545
2926.79	382.35527713
2927.22	382.226439606
2927.66	382.094534496
2928.09	381.965557658
2928.52	381.836512217
2928.95	381.707398339
2929.38	381.578216193
2929.81	381.448965946
2930.24	381.319647765
2930.67	381.190261817
2931.1	381.060808269
2931.53	380.931287289
2931.96	380.801699044
2932.39	380.672043702
2932.82	380.542321429
2933.25	380.412532393
2933.69	380.279656072
2934.12	380.149732469
2934.55	380.019742609
2934.98	379.889686659
2935.41	379.759564786
2935.84	379.629377158
2936.27	379.499123941
2936.7	379.368805304
2937.13	379.238421413
2937.56	379.107972436
2937.99	378.97745854
2938.42	378.846879893
2938.85	378.716236661
2939.28	378.585529012
2939.71	378.454757113
2940.14	378.323921131
2940.57	378.193021235
2941	378.06205759
2941.43	377.931030365
2941.86	377.799939727
2942.29	377.668785842
2942.72	377.537568879
2943.15	377.406289004
2943.58	377.274946386
2944.01	377.14354119
2944.44	377.012073585
2944.87	376.880543737
2945.3	376.748951815
2945.73	376.617297984
2946.16	376.485582414
2946.59	376.35380527
2947.02	376.22196672
2947.45	376.090066932
2947.88	375.958106073
2948.31	375.826084309
2948.74	375.694001809
2949.17	375.56185874
2949.6	375.429655269
2950.02	375.300468145
2950.45	375.168145767
2950.88	375.035763484
2951.31	374.903321464
2951.74	374.770819875
2952.17	374.638258884
2952.6	374.505638658
2953.03	374.372959364
2953.46	374.24022117
2953.89	374.107424242
2954.32	373.974568749
2954.75	373.841654858
2955.18	373.708682735
2955.61	373.575652549
2956.03	373.445660194
2956.46	373.312515722
2956.89	373.179313684
2957.32	373.046054248
2957.75	372.91273758
2958.18	372.779363849
2958.61	372.64593322
2959.04	372.512445863
2959.47	372.378901943
2959.89	372.248409251
2960.32	372.114754015
2960.75	371.981042714
2961.18	371.847275516
2961.61	371.713452589
2962.04	371.579574099
2962.47	371.445640215
2962.89	371.314767754
2963.32	371.18072486
2963.75	371.046627069
2964.18	370.912474549
2964.61	370.778267465
2965.04	370.644005987
2965.46	370.512814516
2965.89	370.378446005
2966.32	370.244023596
2966.75	370.109547458
2967.18	369.975017757
2967.61	369.840434661
2968.03	369.708930017
2968.46	369.574241864
2968.89	369.439500814
2969.32	369.304707034
2969.75	369.169860691
2970.17	369.038099726
2970.6	368.903149972
2971.03	368.768148154
2971.46	368.633094438
2971.89	368.497988992
2972.31	368.365975754
2972.74	368.230768543
2973.17	368.095510099
2973.6	367.960200591
2974.03	367.824840186
2974.45	367.692578721
2974.88	367.557118196
2975.31	367.421607271
2975.74	367.286046114
2976.16	367.153589209
2976.59	367.017929248
2977.02	366.882219553
2977.45	366.74646029
2977.87	366.613810529
2978.3	366.477953778
2978.73	366.342047957
2979.16	366.206093235
2979.58	366.073253201
2980.01	365.937202305
2980.44	365.801103005
2980.86	365.668122237
2981.29	365.531927747
2981.72	365.395685352
2982.15	365.259395218
2982.57	365.126228696
2983	364.989844687
2983.43	364.853413438
2983.86	364.716935116
2984.28	364.583585424
2984.71	364.447014543
2985.14	364.310397086
2985.56	364.176911976
2985.99	364.040202944
2986.42	363.903447835
2986.84	363.769828754
2987.27	363.632983054
2987.7	363.496091775
2988.12	363.362340173
2988.55	363.225359287
2988.98	363.08833332
2989.4	362.954450643
2989.83	362.817336054
2990.26	362.680176882
2990.68	362.546164578
2991.11	362.408917769
2991.54	362.271626874
2991.96	362.137486391
2992.39	362.000108843
2992.82	361.862687708
2993.24	361.728420494
2993.67	361.59091369
2994.1	361.453363796
2994.52	361.3189713
2994.95	361.181336722
2995.37	361.04686183
2995.8	360.909143221
2996.23	360.771382352
2996.65	360.636784586
2997.08	360.498940671
2997.51	360.361054993
2997.93	360.226335801
2998.36	360.088368061
2998.78	359.953569035
2999.21	359.815519887
2999.64	359.677429805
3000.06	359.542511763
3000.49	359.404341257
3000.91	359.26934498
3001.34	359.131094704
3001.76	358.996020832
3002.19	358.857691439
3002.62	358.719322272
3003.04	358.584132755
3003.47	358.445685455
3003.89	358.310419942
3004.32	358.171895164
3004.74	358.036554294
3005.17	357.897952691
3005.6	357.759312474
3006.02	357.623859329
3006.45	357.485143271
3006.87	357.349616368
3007.3	357.210825124
3007.72	357.075225103
3008.15	356.936359325
3008.57	356.800686824
3009	356.661747167
3009.42	356.526002824
3009.85	356.386989942
3010.27	356.251174396
3010.7	356.112088942
3011.12	355.97620283
3011.55	355.837045458
3011.97	355.701089421
3012.4	355.561860784
3012.82	355.425835459
3013.25	355.286536212
3013.67	355.150442237
3014.1	355.011073033
3014.52	354.874911047
3014.95	354.735472539
3015.37	354.599243181
3015.8	354.459736024
3016.22	354.323439932
3016.65	354.183864779
3017.07	354.047502592
3017.5	353.907860097
3017.92	353.771432452
3018.35	353.631723269
3018.77	353.495230806
3019.2	353.355455587
3019.62	353.218898945
3020.04	353.082310826
3020.47	352.942438161
3020.89	352.805786816
3021.32	352.665849747
3021.74	352.529135814
3022.17	352.389134995
3022.59	352.252359113
3023.02	352.112295196
3023.44	351.975458004
3023.86	351.838590754
3024.29	351.69843378
3024.71	351.561506173
3025.14	351.421287733
3025.56	351.284300408
3025.98	351.147283811
3026.41	351.006974751
3026.83	350.869899389
3027.26	350.729530493
3027.68	350.592397006
3028.11	350.451968927
3028.53	350.314777953
3028.95	350.17755881
3029.38	350.037043523
3029.8	349.899767847
3030.22	349.762464472
3030.65	349.621863437
3031.07	349.484504483
3031.5	349.343846872
3031.92	349.206432978
3032.34	349.068992172
3032.77	348.928251249
3033.19	348.790756457
3033.61	348.653235225
3034.04	348.512412449
3034.46	348.374838184
3034.88	348.23723795
3035.31	348.09633478
3035.73	347.958682468
3036.15	347.821004659
3036.58	347.680022554
3037	347.542293621
3037.42	347.404539661
3037.85	347.263480081
3038.27	347.125675951
3038.69	346.987847266
3039.12	346.84671167
3039.54	346.708833769
3039.96	346.570931784
3040.39	346.429721632
3040.81	346.291771384
3041.23	346.153797526
3041.66	346.012514276
3042.08	345.874493108
3042.5	345.7364488
3042.92	345.598381508
3043.35	345.45700325
3043.77	345.318889918
3044.19	345.180754074
3044.61	345.042595872
3045.04	344.90112519
3045.46	344.762922218
3045.88	344.624697361
3046.31	344.483158924
3046.73	344.344890251
3047.15	344.206600164
3047.57	344.068288818
3048	343.926662483
3048.42	343.788308591
3048.84	343.649933911
3049.26	343.5115386
3049.69	343.369826952
3050.11	343.231390364
3050.53	343.092933617
3050.95	342.954456866
3051.38	342.812662487
3051.8	342.674145728
3052.22	342.535609437
3052.64	342.397053769
3053.06	342.25847888
3053.49	342.116584839
3053.91	341.977971527
3054.33	341.839339467
3054.75	341.700688812
3055.18	341.558717852
3055.6	341.420030045
3056.02	341.281324115
3056.44	341.142600219
3056.86	341.003858513
3057.28	340.865099153
3057.71	340.72301787
3058.13	340.584223257
3058.55	340.445411461
3058.97	340.306582638
3059.39	340.167736943
3059.82	340.025568082
3060.24	339.88668872
3060.66	339.747792957
3061.08	339.608880951
3061.5	339.469952856
3061.92	339.33100883
3062.34	339.192049026
3062.77	339.049764475
3063.19	338.91077322
3063.61	338.77176666
3064.03	338.632744951
3064.45	338.493708249
3064.87	338.354656709
3065.29	338.215590488
3065.72	338.073198119
3066.14	337.934102662
3066.56	337.794992995
3066.98	337.655869274
3067.4	337.516731655
3067.82	337.377580293
3068.24	337.238415344
3068.66	337.099236965
3069.08	336.960045312
3069.51	336.817525981
3069.93	336.678307938
3070.35	336.539077093
3070.77	336.399833599
3071.19	336.260577614
3071.61	336.121309294
3072.03	335.982028793
3072.45	335.842736269
3072.87	335.703431876
3073.29	335.564115771
3073.71	335.42478811
3074.13	335.285449049
3074.56	335.142780743
3074.98	335.003419086
3075.4	334.864046501
3075.82	334.724663142
3076.24	334.585269166
3076.66	334.445864729
3076.87	334.376158636
3077.29	334.236738799
3077.72	334.093989009
3078.14	333.954548951
3078.56	333.815099136
3078.99	333.672319143
3079.41	333.532850061
3079.83	333.393371694
3080.25	333.253884198
3080.68	333.111066277
3081.1	332.971560783
3081.52	332.832046632
3081.95	332.689201909
3082.37	332.549670713
3082.79	332.410131332
3083.21	332.27058392
3083.64	332.127705794
3084.06	331.988142608
3084.48	331.848571863
3084.9	331.708993715
3085.33	331.566084771
3085.75	331.426492118
3086.17	331.286892533
3086.59	331.147286172
3087.02	331.004348994
3087.44	330.864729398
3087.86	330.725103498
3088.28	330.585471449
3088.71	330.442508621
3089.13	330.302864606
3089.55	330.163214914
3089.97	330.023559701
3090.4	329.880573806
3090.82	329.740907896
3091.24	329.601236937
3091.66	329.461561083
3092.09	329.318554707
3092.51	329.178869427
3092.93	329.039179723
3093.35	328.899485754
3093.77	328.759787673
3094.19	328.620085638
3094.62	328.477053429
3095.04	328.337343867
3095.46	328.197630822
3095.88	328.057914449
3096.3	327.918194904
3096.73	327.775145581
3097.15	327.635420094
3097.57	327.495691908
3097.99	327.355961177
3098.41	327.216228057
3098.83	327.076492705
3099.26	326.93342817
3099.68	326.793688777
3100.1	326.653947622
3100.52	326.514204862
3100.94	326.374460652
3101.36	326.234715149
3101.79	326.091641195
3102.21	325.951893551
3102.63	325.812145085
3103.05	325.672395952
3103.47	325.53264631
3103.89	325.392896312
3104.31	325.253146116
3104.73	325.113395878
3105.16	324.970318371
3105.58	324.830568523
3106	324.690819103
3106.42	324.551070268
3106.84	324.411322174
3107.26	324.271574976
3107.68	324.13182883
3108.1	323.992083892
3108.52	323.852340318
3108.95	323.709271092
3109.37	323.569530756
3109.79	323.429792255
3110.21	323.290055745
3110.63	323.150321383
3111.05	323.010589323
3111.47	322.870859722
3111.89	322.731132737
3112.31	322.591408521
3112.73	322.451687233
3113.15	322.311969027
3113.57	322.172254059
3114	322.029216063
3114.41	321.892834463
3114.84	321.749803899
3115.26	321.610103538
3115.68	321.470407198
3116.1	321.330715036
3116.52	321.191027207
3116.94	321.051343867
3117.36	320.911665172
3117.78	320.771991278
3118.2	320.632322341
3118.62	320.492658517
3119.04	320.352999962
3119.46	320.213346831
3119.88	320.073699281
3120.3	319.934057466
3120.72	319.794421544
3121.14	319.654791671
3121.56	319.515168001
3121.98	319.375550691
3122.4	319.235939897
3122.82	319.096335774
3123.24	318.956738479
3123.66	318.817148168
3124.08	318.677564996
3124.5	318.537989119
3124.92	318.398420693
3125.34	318.258859874
3125.76	318.119306818
3126.18	317.979761681
3126.6	317.840224618
3127.02	317.700695787
3127.44	317.561175341
3127.86	317.421663438
3128.28	317.282160233
3128.7	317.142665882
3129.12	317.003180541
3129.54	316.863704366
3129.96	316.724237513
3130.38	316.584780138
3130.8	316.445332396
3131.21	316.30921428
3131.63	316.169786034
3132.05	316.030367886
3132.47	315.890959991
3132.89	315.751562506
3133.31	315.612175585
3133.73	315.472799386
3134.15	315.333434064
3134.57	315.194079775
3134.99	315.054736674
3135.41	314.915404918
3135.83	314.776084662
3136.25	314.636776063
3136.66	314.500795728
3137.08	314.361510623
3137.5	314.222237638
3137.92	314.082976929
3138.34	313.943728653
3138.76	313.804492964
3139.18	313.66527002
3139.6	313.526059975
3140.02	313.386862986
3140.43	313.250992953
3140.85	313.111822223
3141.27	312.972665013
3141.69	312.833521478
3142.11	312.694391775
3142.53	312.555276059
3142.95	312.416174486
3143.37	312.277087212
3143.78	312.141325482
3144.2	312.002266925
3144.62	311.86322313
3145.04	311.724194255
3145.46	311.585180454
3145.88	311.446181884
3146.29	311.310507644
3146.71	311.171539632
3147.13	311.032587314
3147.55	310.893650847
3147.97	310.754730386
3148.39	310.615826088
3148.8	310.480244773
3149.22	310.341372873
3149.64	310.202517599
3150.06	310.063679108
3150.48	309.924857554
3150.9	309.786053095
3151.31	309.650570141
3151.73	309.511799921
3152.15	309.373047259
3152.57	309.23431231
3152.98	309.098897811
3153.4	308.960198327
3153.82	308.821517021
3154.24	308.682854048
3154.66	308.544209565
3155.07	308.408884125
3155.49	308.27027664
3155.91	308.131688108
3156.33	307.993118685
3156.74	307.857867116
3157.16	307.719335916
3157.58	307.580824289
3158	307.442332391
3158.41	307.307157099
3158.83	307.168704649
3159.25	307.030272392
3159.67	306.891860483
3160.08	306.756763874
3160.5	306.618392638
3160.92	306.480042216
3161.34	306.341712762
3161.75	306.206697241
3162.17	306.068409685
3162.59	305.930143561
3163.01	305.791899026
3163.42	305.656967
3163.84	305.518765587
3164.26	305.380586227
3164.67	305.245718272
3165.09	305.107582951
3165.51	304.969470146
3165.93	304.831380014
3166.34	304.696599761
3166.76	304.558554892
3167.18	304.420533161
3167.59	304.285820127
3168.01	304.147844576
3168.43	304.009892625
3168.84	303.875248159
3169.26	303.737343306
3169.68	303.599462517
3170.09	303.464887966
3170.51	303.327055192
3170.93	303.189246946
3171.34	303.054743658
3171.76	302.916984344
3172.18	302.779250022
3172.59	302.644819345
3173.01	302.507134871
3173.43	302.369475854
3173.84	302.235119136
3174.26	302.097510883
3174.68	301.959928551
3175.09	301.82564714
3175.51	301.68811649
3175.93	301.550612224
3176.34	301.416407468
3176.76	301.278955801
3177.17	301.144802689
3177.59	301.007404229
3178.01	300.870032926
3178.42	300.735958711
3178.84	300.598641532
3179.26	300.461351974
3179.67	300.327358005
3180.09	300.190123488
3180.5	300.056183547
3180.92	299.91900468
3181.33	299.785119362
3181.75	299.647996753
3182.17	299.510902846
3182.58	299.377100911
3183	299.240064179
3183.41	299.106318356
3183.83	298.969339408
3184.25	298.832389933
3184.66	298.698729737
3185.08	298.561838963
3185.49	298.428236368
3185.91	298.291404905
3186.32	298.157860505
3186.74	298.02108896
3187.15	297.88760335
3187.57	297.750892333
3187.99	297.614212177
3188.4	297.480816227
3188.82	297.344197515
3189.23	297.210861844
3189.65	297.074305186
3190.06	296.941030387
3190.48	296.804536392
3190.89	296.671323061
3191.31	296.534892336
3191.72	296.401741067
3192.14	296.265374223
3192.55	296.13228561
3192.97	295.995983254
3193.38	295.862957891
3193.8	295.726720633
3194.22	295.590516547
3194.63	295.457587563
3195.04	295.324690484
3195.46	295.188585247
3195.88	295.052513799
3196.29	294.919714888
3196.7	294.78694847
3197.12	294.65097769
3197.53	294.518277494
3197.95	294.382374855
3198.36	294.249741475
3198.78	294.113907587
3199.19	293.981341618
3199.61	293.845577088
3200.02	293.713079124
3200.44	293.577384562
3200.85	293.444955197
3201.27	293.309331212
3201.68	293.17697104
3202.1	293.041418241
3202.51	292.909127857
3202.93	292.773646852
3203.34	292.64142685
3203.75	292.509241835
3204.17	292.373869223
3204.58	292.241755477
3205	292.106456178
3205.41	291.974414296
3205.82	291.842408133
3206.24	291.707219495
3206.65	291.575286085
3207.07	291.440172278
3207.48	291.308312214
3207.9	291.173273846
3208.31	291.041487723
3208.72	290.909738343
3209.14	290.774813816
3209.55	290.643139265
3209.97	290.508291695
3210.38	290.376692567
3210.79	290.245130916
3211.21	290.110399454
3211.62	289.978914113
3212.04	289.844261128
3212.45	289.712852692
3212.86	289.581482465
3213.28	289.446947856
3213.69	289.315655422
3214.1	289.184401635
3214.52	289.04998676
3214.93	288.918811654
3215.35	288.784477684
3215.76	288.653381853
3216.17	288.522325402
3216.58	288.391308474
3217	288.257137146
3217.41	288.126200675
3217.83	287.99211207
3218.24	287.861256651
3218.65	287.730441487
3219.07	287.596477603
3219.48	287.465744379
3219.89	287.335051849
3220.31	287.201214045
3220.72	287.070604342
3221.13	286.940035773
3221.55	286.806325407
3221.96	286.675840553
3222.37	286.54539727
3222.78	286.414995706
3223.2	286.281457022
3223.61	286.151140353
3224.02	286.02086584
3224.44	285.887457762
3224.85	285.757269033
3225.26	285.627122898
3225.67	285.497019503
3226.09	285.363787321
3226.5	285.233770891
3226.91	285.103797639
3227.33	284.97069923
3227.74	284.840813831
3228.15	284.710972049
3228.56	284.581174029
3228.98	284.44825573
3229.39	284.318546744
3229.8	284.188881959
3230.22	284.0561006
3230.63	283.926525736
3231.04	283.796995512
3231.45	283.667510072
3231.87	283.534913037
3232.28	283.405518701
3232.69	283.276169587
3233.1	283.146865841
3233.51	283.017607607
3233.93	282.885244076
3234.34	282.756078421
3234.75	282.626958717
3235.16	282.497885109
3235.58	282.365711312
3235.99	282.236731465
3236.4	282.107798152
3236.81	281.978911519
3237.22	281.850071711
3237.64	281.718138172
3238.05	281.589393599
3238.46	281.46069629
3238.87	281.332046389
3239.29	281.200307993
3239.7	281.071754509
3240.11	280.943248872
3240.52	280.814791227
3240.93	280.686381718
3241.34	280.558020492
3241.75	280.429707692
3242.17	280.298315677
3242.58	280.170101357
3242.99	280.041935902
3243.4	279.913819458
3243.81	279.785752169
3244.23	279.654612408
3244.64	279.526645074
3245.05	279.398727334
3245.46	279.270859333
3245.87	279.143041216
3246.28	279.015273128
3246.69	278.887555215
3247.11	278.756774407
3247.52	278.62915851
3247.93	278.501593226
3248.34	278.3740787
3248.75	278.246615076
3249.16	278.119202501
3249.57	277.991841118
3249.99	277.861426593
3250.4	277.734169289
3250.81	277.606963617
3251.22	277.479809721
3251.63	277.352707746
3252.04	277.225657838
3252.45	277.098660142
3252.86	276.971714802
3253.27	276.844821964
3253.68	276.717981773
3254.09	276.591194373
3254.51	276.461369488
3254.92	276.334689403
3255.33	276.208062549
3255.74	276.081489069
3256.15	275.95496911
3256.56	275.828502817
3256.97	275.702090333
3257.38	275.575731805
3257.79	275.449427378
3258.2	275.323177195
3258.61	275.196981403
3259.02	275.070840147
3259.43	274.944753571
3259.84	274.81872182
3260.25	274.69274504
3260.67	274.563752805
3261.08	274.437887751
3261.49	274.312078105
3261.9	274.186324014
3262.31	274.060625621
3262.72	273.934983073
3263.13	273.809396514
3263.54	273.683866089
3263.95	273.558391943
3264.36	273.432974222
3264.77	273.30761307
3265.18	273.182308631
3265.59	273.057061052
3266	272.931870478
3266.41	272.806737052
3266.82	272.681660921
3267.23	272.556642229
3267.64	272.431681122
3268.05	272.306777744
3268.46	272.18193224
3268.87	272.057144756
3269.28	271.932415436
3269.69	271.807744425
3270.1	271.683131869
3270.51	271.558577912
3270.92	271.4340827
3271.33	271.309646377
3271.74	271.185269089
3272.15	271.06095098
3272.56	270.936692195
3272.97	270.812492881
3273.38	270.688353181
3273.78	270.567298868
3274.19	270.443277369
3274.6	270.319315916
3275.01	270.195414655
3275.42	270.071573729
3275.83	269.947793285
3276.24	269.824073467
3276.65	269.70041442
3277.06	269.576816289
3277.47	269.453279219
3277.88	269.329803356
3278.29	269.206388844
3278.7	269.083035828
3279.11	268.959744453
3279.52	268.836514865
3279.92	268.716350559
3280.33	268.593243463
3280.74	268.470198584
3281.15	268.347216068
3281.56	268.22429606
3281.97	268.101438705
3282.38	267.978644148
3282.79	267.855912533
3283.2	267.733244007
3283.61	267.610638714
3284.01	267.49108487
3284.42	267.368604926
3284.83	267.246188647
3285.24	267.123836177
3285.65	267.001547662
3286.06	266.879323246
3286.47	266.757163075
3286.88	266.635067293
3287.28	266.516011649
3287.69	266.394043502
3288.1	266.272140177
3288.51	266.150301817
3288.92	266.028528568
3289.33	265.906820576
3289.73	265.788144097
3290.14	265.666565452
3290.55	265.545052494
3290.96	265.423605368
3291.37	265.302224221
3291.78	265.180909195
3292.18	265.062616935
3292.59	264.941432969
3293	264.820315557
3293.41	264.699264844
3293.82	264.578280975
3294.23	264.457364096
3294.63	264.339461106
3295.04	264.218676997
3295.45	264.097960309
3295.86	263.977311187
3296.27	263.856729776
3296.67	263.739154767
3297.08	263.618707553
3297.49	263.49832848
3297.9	263.378017695
3298.31	263.257775342
3298.71	263.140531817
3299.12	263.020425086
3299.53	262.900387219
3299.94	262.780418361
3300.34	262.663442215
3300.75	262.543610118
3301.16	262.423847461
3301.57	262.304154389
3301.97	262.18744786
3302.38	262.067892688
3302.79	261.948407533
3303.2	261.82899254
3303.6	261.712557863
3304.01	261.593281909
3304.42	261.474076548
3304.83	261.354941926
3305.23	261.238781337
3305.64	261.119786892
3306.05	261.000863618
3306.46	260.882011659
3306.86	260.766127394
3307.27	260.647416752
3307.68	260.528777856
3308.09	260.410210851
3308.49	260.294605147
3308.9	260.176180598
3309.31	260.057828373
3309.71	259.942432625
3310.12	259.824223708
3310.53	259.706087545
3310.93	259.590903006
3311.34	259.472911005
3311.75	259.354992189
3312.15	259.240020111
3312.56	259.12224631
3312.97	259.004546125
3313.38	258.886919703
3313.78	258.772233443
3314.19	258.654753174
3314.6	258.537347099
3315	258.422876227
3315.41	258.305617157
3315.82	258.188432712
3316.22	258.074178481
3316.63	257.957141894
3317.03	257.84303219
3317.44	257.726144026
3317.85	257.609331206
3318.25	257.495440228
3318.66	257.378776683
3319.07	257.262188915
3319.47	257.148517914
3319.88	257.032080273
3320.29	256.91571884
3320.69	256.802269069
3321.1	256.686058617
3321.51	256.569924802
3321.91	256.456697515
3322.32	256.340715534
3322.72	256.227636654
3323.13	256.111807072
3323.54	255.996054846
3323.94	255.883200534
3324.35	255.76760156
3324.75	255.654897038
3325.16	255.539451882
3325.57	255.424084801
3325.97	255.311606931
3326.38	255.19639452
3326.78	255.084067824
3327.19	254.96901065
3327.59	254.85683568
3328	254.741934308
3328.41	254.627112015
3328.81	254.515166614
3329.22	254.400500976
3329.62	254.288708684
3330.03	254.174200267
3330.44	254.059771647
3330.84	253.948211009
3331.25	253.833940462
3331.65	253.722534318
3332.06	253.60842241
3332.46	253.497171313
3332.87	253.383218611
3333.27	253.272123112
3333.68	253.158330182
3334.08	253.047390833
3334.49	252.933758241
3334.9	252.820207022
3335.3	252.709503906
3335.71	252.596113878
3336.11	252.485568296
3336.51	252.375100713
3336.92	252.26195253
3337.33	252.14888658
3337.73	252.038657724
3338.14	251.925754662
3338.54	251.815684998
3338.95	251.70294539
3339.35	251.59303547
3339.76	251.480459882
3340.16	251.370710257
3340.56	251.261039994
3340.97	251.148710478
3341.38	251.036464629
3341.78	250.927037252
3342.19	250.814957121
3342.59	250.705691696
3342.99	250.596506452
3343.4	250.484674929
3343.8	250.375652462
3344.21	250.263988069
3344.61	250.155128931
3345.02	250.043632234
3345.42	249.934936977
3345.83	249.823608542
3346.23	249.715077719
3346.64	249.603918111
3347.04	249.495552275
3347.44	249.387268117
3347.85	249.276361763
3348.25	249.168243416
3348.66	249.057507301
3349.06	248.949555317
3349.47	248.838990007
3349.87	248.731204938
3350.27	248.623502501
3350.68	248.513193399
3351.08	248.405658701
3351.49	248.295521816
3351.89	248.188155411
3352.3	248.078191309
3352.7	247.970993748
3353.1	247.863879772
3353.51	247.754174831
3353.91	247.647230524
3354.31	247.540370208
3354.72	247.430925693
3355.12	247.324235871
3355.53	247.214966395
3355.93	247.108447621
3356.33	247.002013517
3356.74	246.893006575
3357.14	246.786744343
3357.55	246.677913851
3357.95	246.571824043
3358.35	246.465819586
3358.76	246.357253737
3359.16	246.251422529
3359.56	246.145677079
3359.97	246.037377135
3360.37	245.931805759
3360.78	245.823684523
3361.18	245.718287773
3361.58	245.612977461
3361.98	245.507753722
3362.39	245.399989377
3362.79	245.294941362
3363.19	245.189980327
3363.6	245.082485677
3364	244.977701191
3364.4	244.873004092
3364.81	244.7657804
3365.21	244.661260674
3365.61	244.556828744
3366.02	244.449877272
3366.42	244.34562354
3366.82	244.241458011
3367.23	244.134780022
3367.63	244.030793516
3368.03	243.926895619
3368.44	243.820492377
3368.84	243.716774329
3369.24	243.613145297
3369.64	243.509605418
3370.05	243.403569706
3370.45	243.300210773
3370.85	243.196941399
3371.26	243.091183377
3371.66	242.988095773
3372.06	242.885098136
3372.46	242.7821906
3372.87	242.676804026
3373.27	242.574079358
3373.67	242.471445199
3374.07	242.368901684
3374.48	242.263888792
3374.8	242.181993872
3375.21	242.077151152
3375.61	241.974957871
3376.02	241.870304508
3376.42	241.768296242
3376.83	241.663832803
3377.23	241.562010105
3377.64	241.457737156
3378.04	241.356100578
3378.45	241.252018684
3378.85	241.150568778
3379.26	241.046678506
3379.66	240.945415824
3380.07	240.841717739
3380.47	240.740642834
3380.88	240.637137503
3381.28	240.536250926
3381.69	240.432938916
3382.09	240.332241219
3382.49	240.231637001
3382.9	240.128614831
3383.3	240.028200318
3383.71	239.92537288
3384.11	239.825148625
3384.52	239.722516484
3384.92	239.622483039
3385.33	239.520046761
3385.73	239.420204679
3386.14	239.31796483
3386.54	239.218314662
3386.94	239.118759471
3387.35	239.016814108
3387.75	238.917451656
3388.16	238.815704134
3388.56	238.716534973
3388.97	238.614985858
3389.37	238.516010541
3389.77	238.417131153
3390.18	238.315879478
3390.58	238.217194759
3390.99	238.116142902
3391.39	238.017653404
3391.79	237.919260515
3392.2	237.818508206
3392.6	237.720311363
3393.01	237.619760284
3393.41	237.521760039
3393.81	237.423857082
3394.22	237.323607661
3394.62	237.225902128
3395.02	237.128294291
3395.43	237.028347789
3395.83	236.9309382
3396.24	236.831195186
3396.64	236.733984396
3397.04	236.636871984
3397.45	236.537433998
3397.85	236.44052121
3398.25	236.343707206
3398.66	236.244575512
3399.06	236.147961958
3399.46	236.051447595
3399.87	235.952623456
3400.27	235.856310367
3400.67	235.760096878
3401.08	235.661581556
3401.48	235.565570166
3401.88	235.469658782
3402.29	235.371453541
3402.69	235.275745082
3403.09	235.180137035
3403.5	235.082243139
3403.9	234.986838842
3404.3	234.891535365
3404.71	234.793954076
3405.11	234.698855173
3405.51	234.603857499
3405.92	234.50659008
3406.32	234.411797805
3406.72	234.317107165
3407.12	234.222518296
3407.53	234.125670463
3407.93	234.03128809
3408.33	233.937007895
3408.73	233.842830011
3409.14	233.746404002
3409.54	233.652433713
3409.94	233.558566143
3410.35	233.462458629
3410.75	233.368799478
3411.15	233.275243455
3411.55	233.181790692
3411.96	233.086108918
3412.36	232.992865672
3412.76	232.899726095
3413.17	232.804365759
3413.57	232.711436524
3413.97	232.618611365
3414.37	232.525890417
3414.77	232.433273814
3415.18	232.338450228
3415.58	232.246045338
3415.98	232.1537452
3416.38	232.06154995
3416.79	231.967158812
3417.19	231.875176372
3417.59	231.783299226
3417.99	231.691527509
3418.4	231.597571057
3418.8	231.506013248
3419.2	231.414561275
3419.6	231.323215274
3420	231.231975379
3420.41	231.138564747
3420.81	231.047540129
3421.21	230.956622026
3421.61	230.86581057
3422.01	230.775105897
3422.42	230.682244569
3422.82	230.591756545
3423.22	230.50137571
3423.62	230.4111022
3424.02	230.32093615
3424.42	230.230877694
3424.82	230.140926966
3425.23	230.048839414
3425.63	229.959107251
3426.03	229.869483223
3426.43	229.779967466
3426.83	229.690560115
3427.24	229.599030226
3427.64	229.509842808
3428.04	229.420764204
3428.44	229.331794547
3428.84	229.242933972
3429.24	229.154182614
3429.64	229.065540608
3430.05	228.974796179
3430.45	228.886376022
3430.85	228.798065624
3431.25	228.70986512
3431.65	228.621774644
3432.05	228.53379433
3432.45	228.445924315
3432.85	228.358164731
3433.25	228.270515715
3433.66	228.180790362
3434.06	228.093365655
3434.46	228.006051924
3434.86	227.918849301
3435.26	227.831757921
3435.66	227.74477792
3436.06	227.657909432
3436.46	227.571152591
3436.86	227.484507533
3437.27	227.395812498
3437.67	227.309394211
3438.07	227.223088114
3438.47	227.136894341
3438.87	227.050813027
3439.27	226.964844306
3439.67	226.878988314
3440.07	226.793245184
3440.47	226.707615052
3440.87	226.622098053
3441.27	226.53669432
3441.67	226.451403989
3442.07	226.366227194
3442.47	226.28116407
3442.87	226.196214751
3443.27	226.111379373
3443.68	226.0245415
3444.07	225.942050976
3444.48	225.855447374
3444.88	225.771071966
3445.28	225.686811176
3445.68	225.602665138
3446.08	225.518633985
3446.48	225.434717854
3446.88	225.350916878
3447.28	225.267231192
3447.68	225.183660931
3448.08	225.100206229
3448.48	225.016867222
3448.88	224.933644044
3449.28	224.850536829
3449.68	224.767545713
3450.08	224.684670829
3450.48	224.601912313
3450.88	224.519270299
3451.28	224.436744921
3451.68	224.354336316
3452.08	224.272044616
3452.48	224.189869957
3452.88	224.107812474
3453.28	224.025872301
3453.68	223.944049573
3454.08	223.862344424
3454.48	223.78075699
3454.88	223.699287404
3455.28	223.617935802
3455.68	223.536702317
3456.07	223.457613525
3456.47	223.376613719
3456.87	223.295732433
3457.27	223.2149698
3457.67	223.134325955
3458.07	223.053801033
3458.47	222.973395168
3458.87	222.893108495
3459.27	222.81294115
3459.67	222.732893265
3460.07	222.652964977
3460.47	222.573156419
3460.87	222.493467726
3461.27	222.413899034
3461.67	222.334450477
3462.07	222.255122188
3462.46	222.177893033
3462.86	222.098802672
3463.26	222.019832982
3463.66	221.940984096
3464.06	221.86225615
3464.46	221.783649277
3464.86	221.705163613
3465.26	221.626799293
3465.66	221.54855645
3466.06	221.47043522
3466.45	221.39438424
3466.85	221.316503591
3467.25	221.238744954
3467.65	221.161108466
3468.05	221.083594261
3468.45	221.006202473
3468.85	220.928933236
3469.25	220.851786687
3469.64	220.776687054
3470.04	220.699783205
3470.44	220.623002445
3470.84	220.546344906
3471.24	220.469810723
3471.64	220.393400032
3472.04	220.317112967
3472.43	220.242852235
3472.83	220.166809726
3473.23	220.090891244
3473.63	220.015096923
3474.03	219.939426898
3474.43	219.863881303
3474.83	219.788460273
3475.22	219.715044831
3475.62	219.639870213
3476.02	219.564820561
3476.42	219.48989601
3476.81	219.416965149
3477.21	219.342288066
3477.61	219.267736484
3478.01	219.193310538
3478.41	219.119010363
3478.81	219.044836092
3479.2	218.97263753
3479.6	218.898712318
3480	218.824913411
3480.4	218.751240945
3480.8	218.677695053
3481.19	218.606109806
3481.59	218.532814295
3481.99	218.459645761
3482.39	218.386604336
3482.78	218.31551146
3483.18	218.242721474
3483.58	218.170058999
3483.98	218.097524169
3484.38	218.02511712
3484.77	217.954643404
3485.17	217.882489116
3485.57	217.81046301
3485.96	217.740361098
3486.36	217.668588544
3486.76	217.596944572
3487.16	217.525429315
3487.56	217.45404291
3487.95	217.384565352
3488.35	217.313433822
3488.75	217.242431544
3489.15	217.171558652
3489.54	217.102582285
3489.94	217.031965326
3490.34	216.961478154
3490.73	216.89287825
3491.13	216.822647802
3491.53	216.752547541
3491.92	216.684325262
3492.32	216.614482517
3492.72	216.54477036
3493.12	216.475188925
3493.51	216.407473017
3493.91	216.338150155
3494.31	216.268958416
3494.7	216.201622847
3495.1	216.132690473
3495.5	216.063889622
3495.9	215.99522043
3496.29	215.928394859
3496.69	215.859986088
3497.09	215.791709377
3497.48	215.72526686
3497.88	215.65725136
3498.28	215.589368321
3498.67	215.52331002
3499.07	215.455688984
3499.47	215.388200809
3499.86	215.322527886
3500.26	215.255302506
3500.65	215.189886064
3501.05	215.122924004
3501.45	215.05609547
3501.84	214.99106634
3502.24	214.924501919
3502.64	214.858071424
3503.03	214.793430768
3503.43	214.727265176
3503.83	214.661233913
3504.22	214.596982893
3504.62	214.531217323
3505.02	214.465586482
3505.41	214.40172626
3505.81	214.336361904
3506.2	214.272761761
3506.6	214.207664415
3507	214.142702465
3507.39	214.079495053
3507.79	214.014800905
3508.18	213.951854856
3508.58	213.887429034
3508.98	213.823139275
3509.37	213.76058789
3509.77	213.696567249
3510.16	213.634278511
3510.56	213.570527513
3510.96	213.506913243
3511.35	213.445021103
3511.75	213.381677269
3512.14	213.320049059
3512.54	213.256976184
3512.93	213.195612415
3513.33	213.132811026
3513.72	213.071712212
3514.12	213.009182832
3514.52	212.94679138
3514.91	212.886092641
3515.31	212.82397399
3515.7	212.763541488
3516.1	212.701696165
3516.49	212.641530413
3516.89	212.579958941
3517.28	212.520060452
3517.68	212.458763358
3518.08	212.397605389
3518.47	212.33811045
3518.87	212.277227651
3519.26	212.218001257
3519.66	212.157394152
3520.05	212.098436816
3520.45	212.03810593
3520.84	211.979418164
3521.24	211.919364022
3521.63	211.860946338
3522.03	211.801169466
3522.42	211.743022376
3522.82	211.683523299
3523.21	211.625647316
3523.61	211.566426559
3524	211.508822194
3524.4	211.449880282
3524.79	211.392548048
3525.19	211.333885507
3525.58	211.276825915
3525.98	211.218443271
3526.37	211.161656834
3526.77	211.103554611
3527.16	211.047041841
3527.56	210.989220564
3527.95	210.932981973
3528.34	210.876878925
3528.74	210.819478269
3529.13	210.763650165
3529.53	210.706531765
3529.92	210.650979117
3530.32	210.594143499
3530.71	210.53886682
3531.11	210.482314509
3531.5	210.42731431
3531.89	210.37245079
3532.29	210.316322625
3532.68	210.26173635
3533.08	210.205892802
3533.47	210.151584285
3533.87	210.096025879
3534.26	210.041995632
3534.66	209.986722893
3535.05	209.932971428
3535.44	209.879357777
3535.84	209.82451271
3536.23	209.771178607
3536.63	209.716620517
3537.02	209.663566473
3537.41	209.610650874
3537.81	209.556522412
3538.2	209.503887637
3538.6	209.450047462
3538.99	209.397694024
3539.38	209.345479661
3539.78	209.292071071
3540.17	209.240138809
3540.57	209.187019816
3540.96	209.135370167
3541.35	209.083860226
3541.75	209.031174773
3542.14	208.97994821
3542.53	208.928861731
3542.93	208.876610991
3543.32	208.825808655
3543.71	208.775146781
3544.11	208.723331926
3544.5	208.67295496
3544.89	208.622718833
3545.29	208.571341035
3545.68	208.521390581
3546.07	208.471581345
3546.47	208.420641775
3546.86	208.371118977
3547.25	208.321737774
3547.65	208.271237604
3548.04	208.222143604
3548.43	208.173191577
3548.83	208.123131979
3549.22	208.074467919
3549.61	208.02594621
3550.01	207.976328357
3550.4	207.92809538
3550.79	207.880005131
3551.19	207.830830194
3551.58	207.783029443
3551.97	207.735371798
3552.36	207.687857383
3552.76	207.639273566
3553.15	207.592049667
3553.54	207.544969375
3553.94	207.496831206
3554.33	207.450042195
3554.72	207.40339717
3555.12	207.35570582
3555.51	207.30935284
3555.9	207.263144223
3556.29	207.217080095
3556.69	207.169985058
3557.08	207.124213993
3557.47	207.078587794
3557.86	207.033106585
3558.26	206.986609936
3558.65	206.941422809
3559.04	206.896381049
3559.44	206.85033551
3559.83	206.805588597
3560.22	206.760987429
3560.61	206.716532132
3561	206.67222283
3561.4	206.626929182
3561.79	206.582915997
3562.18	206.539049185
3562.57	206.495328871
3562.97	206.450639834
3563.36	206.407216655
3563.75	206.363940351
3564.14	206.320811047
3564.53	206.277828869
3564.93	206.233897546
3565.32	206.191213773
3565.71	206.148677502
3566.1	206.106288859
3566.49	206.064047969
3566.89	206.020877593
3567.28	205.978936378
3567.67	205.937143293
3568.06	205.895498463
3568.45	205.854002013
3568.85	205.811595817
3569.24	205.770400314
3569.63	205.729353567
3570.02	205.688455703
3570.41	205.647706845
3570.81	205.606068063
3571.2	205.565621423
3571.59	205.525324167
3571.98	205.485176421
3572.37	205.445178309
3572.76	205.405329956
3573.15	205.365631486
3573.55	205.325070936
3573.94	205.28567646
3574.33	205.246432246
3574.72	205.207338418
3575.11	205.168395101
3575.5	205.129602419
3575.89	205.090960499
3576.29	205.0514845
3576.68	205.013148349
3577.07	204.974963336
3577.46	204.936929587
3577.85	204.899047226
3578.24	204.861316378
3578.63	204.823737167
3579.02	204.786309718
3579.42	204.748080372
3579.81	204.710960722
3580.2	204.673993213
3580.59	204.637177968
3580.98	204.600515113
3581.37	204.564004773
3581.76	204.527647072
3582.15	204.491442135
3582.54	204.455390087
3582.93	204.419491053
3583.33	204.382830611
3583.72	204.347241911
3584.11	204.311806601
3584.5	204.276524808
3584.89	204.241396656
3585.28	204.20642227
3585.67	204.171601775
3586.06	204.136935295
3586.45	204.102422956
3586.84	204.068064881
3587.23	204.033861197
3587.62	203.999812027
3588.01	203.965917497
3588.4	203.932177731
3588.79	203.898592855
3589.19	203.864307856
3589.57	203.831888269
3589.97	203.797921634
3590.36	203.764961549
3590.75	203.732156979
3591.14	203.699508051
3591.53	203.66701489
3591.92	203.634677619
3592.31	203.602496363
3592.7	203.570471249
3593.09	203.538602399
3593.48	203.50688994
3593.87	203.475333996
3594.26	203.443934692
3594.65	203.412692152
3595.04	203.381606501
3595.43	203.350677865
3595.82	203.319906368
3596.21	203.289292135
3596.6	203.25883529
3596.99	203.228535959
3597.38	203.198394266
3597.77	203.168410337
3598.16	203.138584295
3598.55	203.108916266
3598.94	203.079406375
3599.33	203.050054745
3599.72	203.020861504
3600.11	202.99182022
3600.5	202.962815395
3600.89	202.933805105
3601.28	202.90478993
3601.66	202.876514589
3602.05	202.847491473
3602.44	202.818465199
3602.83	202.789436346
3603.22	202.760405494
3603.61	202.731373223
3604	202.702340114
3604.39	202.673306747
3604.78	202.644273702
3605.17	202.615241559
3605.56	202.586210899
3605.95	202.557182302
3606.34	202.528156347
3606.73	202.499133615
3607.12	202.470114686
3607.51	202.441100141
3607.89	202.412834328
3608.28	202.383830141
3608.67	202.354832063
3609.06	202.325840674
3609.45	202.296856555
3609.84	202.267880285
3610.23	202.238912445
3610.62	202.209953615
3611.01	202.181004376
3611.4	202.152065306
3611.78	202.1238786
3612.17	202.094961315
3612.56	202.066055925
3612.95	202.037163012
3613.34	202.008283155
3613.73	201.979416935
3614.12	201.950564932
3614.51	201.921727726
3614.9	201.892905897
3615.28	201.864838433
3615.67	201.836048668
3616.06	201.807276006
3616.45	201.778521027
3616.84	201.749784311
3617.23	201.721066438
3617.62	201.69236799
3618	201.664424635
3618.39	201.635766239
3618.78	201.607128993
3619.17	201.578513476
3619.56	201.549920269
3619.95	201.521349952
3620.33	201.493534777
3620.72	201.465011357
3621.11	201.436512552
3621.5	201.408038942
3621.89	201.379591109
3622.27	201.351898054
3622.66	201.323502816
3623.05	201.295135079
3623.44	201.266795424
3623.83	201.238484431
3624.22	201.210202681
3624.6	201.182674784
3624.99	201.154452472
3625.38	201.126261128
3625.77	201.098101332
3626.15	201.07069448
3626.54	201.042598675
3626.93	201.014536144
3627.32	200.986507466
3627.71	200.958513223
3628.09	200.931270456
3628.48	200.903345902
3628.87	200.875457508
3629.26	200.847605854
3629.64	200.820504238
3630.03	200.792726825
3630.42	200.764987879
3630.81	200.737287979
3631.19	200.710336442
3631.58	200.682715336
3631.97	200.655135002
3632.36	200.627596019
3632.74	200.600803493
3633.13	200.573347858
3633.52	200.5459353
3633.91	200.518566399
3634.29	200.491941812
3634.68	200.464660812
3635.07	200.437425194
3635.46	200.410235541
3635.84	200.383787822
3636.23	200.356690621
3636.62	200.329641109
3637.01	200.302639867
3637.39	200.276377946
3637.78	200.249473708
3638.17	200.222619466
3638.55	200.196502436
3638.94	200.169748606
3639.33	200.143046497
3639.71	200.117079359
3640.1	200.090481068
3640.49	200.063936225
3640.88	200.037445408
3641.26	200.011686363
3641.65	199.985303918
3642.04	199.958977225
3642.42	199.933379756
3642.81	199.907164842
3643.2	199.881007406
3643.58	199.855576514
3643.97	199.829534265
3644.36	199.803551219
3644.74	199.778291905
3645.13	199.752427453
3645.52	199.72662393
3645.9	199.701541195
3646.29	199.675859673
3646.68	199.650240805
3647.06	199.625339652
3647.45	199.599846192
3647.83	199.575068332
3648.22	199.549702541
3648.61	199.524402277
3648.99	199.499814318
3649.38	199.47464513
3649.77	199.449543194
3650.15	199.425150139
3650.54	199.400182686
3650.93	199.375284211
3651.31	199.35109106
3651.7	199.326330476
3652.08	199.302272781
3652.47	199.277652349
3652.85	199.253732314
3653.24	199.229254296
3653.63	199.204849272
3654.01	199.181140783
3654.4	199.15688158
3654.79	199.132697097
3655.17	199.109205154
3655.56	199.085169899
3655.94	199.061824459
3656.33	199.037940694
3656.71	199.014743961
3657.1	198.991013948
3657.49	198.967362671
3657.87	198.944394125
3658.26	198.920900007
3658.64	198.898085691
3659.03	198.874750993
3659.41	198.852093112
3659.8	198.828920095
3660.19	198.805829832
3660.48	198.788714139
3660.87	198.765769552
3661.26	198.74290931
3661.64	198.720716911
3662.03	198.698024901
3662.42	198.675418963
3662.81	198.652899675
3663.2	198.630467619
3663.58	198.608695202
3663.97	198.586437076
3664.36	198.564267906
3664.75	198.542188275
3665.14	198.52019876
3665.52	198.498860314
3665.91	198.477050428
3666.3	198.455332384
3666.69	198.433706764
3667.07	198.4127251
3667.46	198.391283661
3667.85	198.36993637
3668.24	198.34868381
3668.62	198.328067856
3669.01	198.307004029
3669.4	198.286036656
3669.79	198.265166318
3670.17	198.244925006
3670.56	198.224247954
3670.95	198.203669663
3671.34	198.183190713
3671.72	198.163332971
3672.11	198.143051859
3672.5	198.122871815
3672.89	198.102793417
3673.27	198.083328174
3673.66	198.063452167
3674.05	198.043679533
3674.43	198.024513874
3674.82	198.004947038
3675.21	197.9854853
3675.6	197.966129241
3675.98	197.947371693
3676.37	197.928225985
3676.76	197.909187681
3677.14	197.890741401
3677.53	197.871916855
3677.92	197.853201438
3678.31	197.834595732
3678.69	197.816573176
3679.08	197.79818578
3679.46	197.780377038
3679.85	197.762210215
3680.24	197.744155973
3680.63	197.726214892
3681.01	197.708843239
3681.4	197.691127284
3681.79	197.673526215
3682.17	197.656487516
3682.56	197.639114979
3682.95	197.621859056
3683.33	197.605158311
3683.72	197.588134327
3684.11	197.571228681
3684.49	197.554870892
3684.88	197.538200593
3685.26	197.522073218
3685.65	197.505640526
3686.04	197.489329044
3686.42	197.473552946
3686.81	197.457482479
3687.2	197.441534948
3687.58	197.426115128
3687.97	197.410412019
3688.35	197.395231456
3688.74	197.379775031
3689.13	197.364444412
3689.51	197.349628449
3689.9	197.334547921
3690.29	197.319594925
3690.67	197.305148562
3691.06	197.290449065
3691.44	197.276250802
3691.83	197.261807064
3692.22	197.24749373
3692.6	197.233673388
3692.99	197.219586266
3693.37	197.205703901
3693.76	197.191298082
3694.14	197.17717832
3694.53	197.162674716
3694.92	197.148232881
3695.3	197.134292131
3695.69	197.120191988
3696.07	197.10672629
3696.46	197.093259561
3696.85	197.080224948
3697.23	197.068011562
3697.62	197.05604984
3698	197.045023956
3698.39	197.034426845
3698.77	197.024872704
3699.16	197.015931927
3699.54	197.00813377
3699.93	197.001141048
